3.872098680110576119e-01 8.084661871448168835e-01 -5.413463901145075807e-01 -9.178416962766929865e-01 -8.078033011026675148e-02 1.125426256171124351e+00 2.805395365434719679e-01 3.234587162987825892e-01 5.272616510445780058e-01 1.800599709198920373e-01 3.709400266921005773e-01 -1.000594550546392902e+00
-9.478381346782132066e-01 -8.267557006107001394e-01 7.639825016879721042e-01 -2.912266855147068179e-01 2.696877934462310611e-01 -9.683691144890501645e-01 4.888712935893383404e-01 7.452524360736458853e-01 1.833922260993724740e-01 6.697824209191337586e-01 -3.314077233189384741e-01 8.129335885098190051e-01
-6.249127906379149389e-01 -7.336422598576633480e-02 5.837020494630429379e-01 -6.279438734841802372e-01 -7.122192012692730723e-01 2.621149391068313683e-01 2.852935765766200227e-01 2.873319716541694047e-01 -9.412026677030190802e-01 8.485950600521490195e-01 2.802175073237282432e-01 2.916616154407716266e-01
1.144512661380888835e-01 9.511683478058349239e-01 4.599256809735983165e-01 5.478223283500241458e-02 1.653571192972241310e-01 -7.202160569546249835e-01 -7.278600844299145667e-01 -7.249105870428986798e-01 -8.346083094302798600e-01 -8.384120569216723107e-01 -8.026490640101070773e-02 -1.065633409409763921e+00
-6.493572229191117984e-01 -6.957952731592258466e-01 -3.612587644859293068e-01 8.187863226751537216e-01 5.954054664153451970e-01 -4.296994582441523436e-01 -7.031023113785499490e-01 2.682159558395499910e-01 -4.140716270979656263e-03 8.054725047028234997e-01 -3.072197774621768795e-01 2.811958137088765852e-01
-1.891772583606239899e-01 1.075044736196327233e-01 -8.836560072013087686e-01 -3.419238178275831319e-01 -1.385363582115077818e-01 8.184808201469627731e-01 5.807335725449169761e-01 8.548299625674995461e-01 -5.376460358722702226e-01 -5.761323030520015820e-01 -5.218486111344103895e-01 9.400108435236929072e-01
-1.511154880264322098e-01 -8.030191989090570415e-01 4.607345544649393831e-01 -8.171078485919825996e-01 7.513183603684501222e-01 -5.052312867385053696e-01 -2.922600047376520127e-01 2.784473003115005563e-01 -3.425483451934688839e-01 1.005703363694372410e+00 -6.147715940945197577e-01 2.499079842997591616e-01
5.315740946754291540e-01 1.812806568324152809e-02 2.752669395886299109e-01 4.665276740239722719e-01 3.874038292408767126e-02 -7.033034458704139347e-01 -5.889867824930070661e-01 -1.546670254010903689e-01 6.210493367405315324e-01 5.088938399025954018e-01 -3.832212102370999851e-01 -4.571533827579159492e-01
-1.388448912322896245e+00 -5.414813637505195842e-01 1.850309090850571214e-01 -3.442403541659151411e-01 -1.850713801596006458e-01 9.536305741105659539e-01 -1.859371808402348059e-01 9.065452266370118695e-01 -2.423003727219350811e-01 -5.124451805437300056e-01 1.817719602113601896e-01 1.659111017600898574e-01
-4.395281880765390392e-01 9.252772351183560229e-01 -5.882563699636189636e-01 1.048519161638338665e-01 9.603512067237082728e-02 -6.767457831064600526e-01 8.414290402648514355e-01 9.209939999752744244e-01 1.075585205188738902e+00 6.689748895619578306e-01 -8.847957014219263172e-01 4.341547295531399397e-01
4.452064321044603146e-01 8.454320895605262898e-01 5.285809960527033668e-01 -3.231326479408845320e-01 8.010563501946095233e-01 -9.405885045629280850e-01 -9.277716382065267497e-01 2.086871357618186595e-01 -7.060028764889904052e-01 2.766717106056397202e-01 1.468582948653031350e-02 6.485448664546559217e-01
