2.834578689241486482e-01 7.901899404782409819e-01 -5.908365869657683511e-01 -8.091566701248127380e-01 -8.156494023680657679e-02 9.119756023825917879e-01 2.015667920594049478e-01 3.632074817269343447e-01 4.176939167566840472e-01 1.684703319911601271e-01 3.407184239151004324e-01 -8.644271474975645519e-01
-1.031118901854801262e+00 -8.567785337892390718e-01 6.863001765002318955e-01 -1.343971389052351917e-01 2.286913092752222987e-01 -8.169298130979668615e-01 4.655354341885488689e-01 4.962282041441439251e-01 1.858566534220099653e-01 6.564792730456655567e-01 -4.274947460457918513e-01 6.237712368232241067e-01
-5.370264502187815925e-01 -1.123084224131654790e-01 5.098839430562303043e-01 -4.741733791718126811e-01 -6.779378608460664424e-01 2.029556369522900194e-01 2.807686613596495073e-01 2.873319716541694047e-01 -8.845522368422763515e-01 9.241975420218081494e-01 4.071762317133173492e-01 1.349649541390354202e-01
1.307365256298151368e-01 4.439579676414739384e-01 4.392901585364406558e-01 1.800570005185084255e-01 1.615425018211848751e-01 -7.911519102930503200e-01 -7.593255350292509309e-01 -1.011448951475489855e+00 -7.849492738530466918e-01 -7.519705384059761633e-01 -1.617595191041439062e-01 -1.125504698949399085e+00
-8.580671199727741838e-01 -8.005665249272538864e-01 -3.937884035491051593e-01 8.648232097682897468e-01 6.822952447456586134e-01 -6.367908923023524181e-01 -9.079835327044138982e-01 2.166958351361561175e-01 3.358420365432912558e-01 7.770033883134335184e-01 -3.747265888694318314e-01 3.656607295213475384e-01
-3.043848440694452706e-01 -1.569254653638109120e-01 -7.117295959971333685e-01 -2.751145849898161133e-01 -1.644451694618136173e-01 9.003064650458993956e-01 4.678501374761555587e-01 9.528224441214725449e-01 -4.852502733164973936e-01 -5.836971971435723772e-01 -6.638548466524777369e-01 8.340653459131553982e-01
-2.215207306741351911e-01 -9.717691057803032884e-01 3.551148796314445577e-01 -8.332123930521949662e-01 7.694000080544072251e-01 -4.550571824066940163e-01 -5.023786044441068688e-01 3.966177431363301920e-01 -2.500778605402906862e-01 9.911635468731888610e-01 -3.485899141104261689e-01 2.071178798094263085e-01
7.440509982299360336e-01 -4.577484340895089654e-02 2.827435020794388798e-01 4.427563723292292641e-01 -3.091005317862154378e-01 -5.315623440925716370e-01 -6.046892698635671914e-01 -1.445466251864534479e-01 7.333695760180414247e-01 5.486232367255787779e-01 -2.642193888645911204e-01 -6.041009665433485498e-01
-1.347136098259169579e+00 -5.768336335396335723e-01 2.065557723244444421e-01 -3.153977407531093902e-01 -2.889988596432713774e-01 7.878913760605088523e-01 -2.190198325021817660e-01 8.365068827268830054e-01 -2.399857901549971584e-01 -5.335868295286271268e-01 1.962732263287169099e-01 3.659529097067970582e-02
-3.267195041137814782e-01 6.660167581220761690e-01 -5.503014044352253498e-01 1.863942495550167111e-01 1.203478888492385684e-01 -7.724518969541663838e-01 8.132713741674241215e-01 9.481957879170299641e-01 1.120280035543434805e+00 7.945550070590283731e-01 -7.082125585766947395e-01 2.663556303617288790e-01
7.292163553646202612e-01 7.413988244553505469e-01 6.102276549342564582e-01 -3.218525430703264578e-01 8.650928732707238167e-01 -1.023860092342960826e+00 -9.793877535851459593e-01 2.683804293516732775e-01 -6.808253377232109660e-01 3.226787575997580593e-01 6.604751485741038042e-02 7.118232532322458228e-01
