-9.035978689236490169e-01 9.457081735521104537e-01 -8.564586643492859697e-01 2.105489824935493637e-01 7.028998626169959962e-01 -5.651266411221378405e-03 4.452661365325738529e-03 -6.318179335845246491e-01 7.221677202087750658e-02 9.681338724219652470e-01 6.083912289394197703e-01 4.838400091999162100e-01
9.470304609256754436e-01 -2.203586537363344533e-02 7.116866545726876492e-01 3.914992391368716795e-01 -5.295431892715043443e-01 7.429133466241675254e-01 -7.189301756433457147e-01 -6.820570474255307492e-01 -5.080177441993976029e-01 3.296157558922223618e-01 5.590773249676221912e-01 -7.208276899697929618e-01
7.221614266434950302e-02 -8.044300008558565862e-01 -3.879737863785677199e-01 -1.055198002884756292e-01 -7.740129382909279876e-01 3.890220763065452836e-01 4.899221757007041766e-01 4.875811198068247254e-01 -3.184494932505435028e-01 -5.194162302404112808e-01 9.077126836675404320e-01 -7.972516681215287004e-01
1.324221231133932974e-01 -7.022618724274718449e-01 9.165996477085311955e-01 -7.190293533989744468e-02 -1.458559353084800669e-01 -8.114047744765208181e-01 -6.070884106119489587e-01 9.760341986217779819e-02 -5.576864359222566403e-01 -8.973943166759934531e-01 -9.539241638828888092e-02 8.861615347568485568e-01
-6.771849898134449930e-01 4.183657874616879546e-01 -7.303987917474379366e-01 -8.132749798762528570e-01 -5.257048463347813172e-01 -5.195989898696995457e-01 -1.849925573825335068e-01 5.190761407221708978e-01 1.156453016938474576e-02 -3.323397373014784772e-01 -5.022873453628284857e-02 2.672364744171973339e-01
-7.757043758935038280e-01 8.458425222450552949e-01 2.728759791060768602e-01 7.388476975616453668e-01 -4.656800620461765128e-02 3.230985583082977008e-01 -9.704866027635208336e-01 -3.018099013324351265e-01 9.482443694952356061e-01 -3.768115045755564552e-01 9.064691769990189663e-01 1.920267832622324367e-01
5.010927044131621155e-01 5.229699579487688821e-01 2.892434177674860774e-01 7.737949577511387123e-01 7.103228700175352461e-01 2.355762462561001858e-01 -7.805927220812212131e-01 4.845751499514228122e-01 8.873202940614555168e-02 -9.571362730485488690e-02 -9.628234335252279230e-01 -1.689089736834246125e-01
-6.655879157865471907e-01 6.311293851027066637e-02 6.139990961906180988e-01 -6.152154151961943818e-01 2.540472102970488533e-01 2.947830853382078509e-01 6.418564109096545067e-01 2.200310061853771870e-02 -7.400527281296824800e-01 -4.374023796393220476e-01 -1.818734391388825422e-01 -2.925138740118997660e-01
-8.164203188711178782e-01 -7.696131769142400270e-01 5.708063103302190022e-01 5.683150152132940836e-01 -8.134583265964350218e-01 5.895100570194005130e-01 6.370079791834171168e-02 -3.118584464192861727e-01 -3.741154733169398394e-01 6.353504845308219906e-01 1.867707179200424061e-01 -2.627772823301439686e-01
-9.871258925415435925e-01 2.057662666223436521e-01 -1.907264206040539811e-01 -4.209808561045866870e-01 9.286653593472951052e-01 -7.421478262502221313e-01 3.280156756014975805e-01 4.910750677277686549e-01 5.421154098386415932e-01 -6.795557210513444302e-01 7.738273298594195992e-01 -5.778147952550938271e-04
-2.710871536534342763e-01 -1.464697136321289339e-01 -5.132073407982522539e-01 2.080471635530218855e-01 5.555208436749139445e-01 -4.618046099954697947e-01 -8.684141781396996773e-01 -7.393137454942868558e-01 6.619287486237148688e-01 1.457758282421619533e-01 -2.824673566195825547e-01 6.042863760574477272e-01
