2.081782582771249945e-01 8.454512775075035957e-01 -6.188662052517465151e-01 -6.754885102892925763e-01 -6.385172376165625108e-02 1.033848007803378932e+00 2.496121453339867624e-01 4.479582189606945986e-01 4.957567231604496083e-01 1.474505946456202143e-01 2.259628440811222994e-01 -8.742135542470671483e-01
-9.503166746601381387e-01 -8.444179459524456810e-01 6.129484859761692439e-01 -2.751973869214928703e-01 1.410603161141212869e-01 -7.505561985640439859e-01 3.691062239113442889e-01 5.835876684679991433e-01 2.778248506549639840e-01 4.842994379565797036e-01 -3.314077233189384741e-01 7.163113610124131059e-01
-4.704261340095008403e-01 -1.016338798158700207e-01 6.446801609896587459e-01 -5.507139317675757706e-01 -6.645882326145542418e-01 1.363780823568788436e-01 4.235774105241672527e-01 1.889303123092263004e-01 -8.341515700396706645e-01 6.882637256603034714e-01 4.249478748873921630e-01 1.830096091179524431e-01
1.820813429773618652e-01 5.610353669302347024e-01 4.545685205971167764e-01 8.414451444731177454e-02 1.018605772364713086e-01 -7.202160569546249835e-01 -7.593255350292509309e-01 -9.308269872306735859e-01 -7.461540973255110787e-01 -7.519705384059761633e-01 -1.819255820952440650e-01 -1.118331183720376876e+00
-7.212218886788697159e-01 -6.248606381218871908e-01 -4.328881945352828775e-01 7.702175356755777136e-01 5.355611412081130451e-01 -8.576946760548818105e-01 -8.689826849531278041e-01 1.933127606843323965e-01 1.763075531153852626e-01 8.324440205159945316e-01 -1.579651321208201953e-01 1.934767607225380270e-01
-2.153925677684889184e-01 -2.407143731223416183e-01 -5.806463469439402392e-01 -3.243232556389924470e-01 -1.100295316069508644e-01 9.778370070620021615e-01 3.905080933899480744e-01 1.002330927056849674e+00 -5.425641990990734964e-01 -4.926121624759766116e-01 -5.030859858882544833e-01 8.969187948209037531e-01
-1.482992778961695901e-01 -9.717691057803032884e-01 5.166384103622175816e-01 -6.459478445980003647e-01 7.263724515457270492e-01 -5.185747621170806454e-01 -4.088005708936511828e-01 4.166063695362223762e-01 -3.868948125590634390e-01 8.839313917664678444e-01 -3.485899141104261689e-01 2.534325678414375838e-01
7.629508958137714014e-01 -1.760368244292845885e-01 3.107222628216346760e-01 4.668924832440812800e-01 -1.717777979217035011e-01 -5.732189389746622510e-01 -7.394024666956046099e-01 -1.481205218987563244e-01 6.585192611797082707e-01 4.117337499174815174e-01 -2.613450211332333240e-01 -5.493183725972301534e-01
-1.306514523364610270e+00 -5.850908573059008244e-01 2.073910143952154006e-01 -2.093253744354755808e-01 -2.874446156080425196e-01 8.824905385738822661e-01 -2.947091552672003179e-01 9.326051232075451836e-01 -3.623917548405318767e-01 -3.544118932652254861e-01 3.389327379753042657e-01 1.816727757094445117e-01
-3.902712759802399178e-01 8.760087352161554097e-01 -6.106411123088740789e-01 1.978525891904620304e-01 7.082994874459042078e-02 -7.744296576722174974e-01 7.784179049224995151e-01 8.671539423410974390e-01 1.269278202331033611e+00 7.945550070590283731e-01 -7.492798672227646284e-01 5.109546599697345481e-01
6.354454959008309922e-01 7.096972159477913378e-01 6.429140460448767858e-01 -3.923355539937449787e-01 1.039519540773442330e+00 -1.024404320024518977e+00 -9.452100545419684918e-01 2.076147448539387985e-01 -6.273914728953781106e-01 4.255777755809936336e-01 1.752242361184460917e-01 6.318336458707141112e-01
