4.686829662648945294e-01 8.369181426562501969e-01 -5.413463901145075807e-01 -7.282354491965118415e-01 -6.771469374306016142e-02 1.125426256171124351e+00 2.805395365434719679e-01 3.234587162987825892e-01 4.544564065073271042e-01 1.925891043102499756e-01 2.834881821132320678e-01 -9.534274442765390267e-01
-9.478381346782132066e-01 -8.982508157974758989e-01 7.190290429437250497e-01 -2.751973869214928703e-01 2.696877934462310611e-01 -9.683691144890501645e-01 4.888712935893383404e-01 7.373209698800319289e-01 1.121751484509960622e-01 6.660890283572560300e-01 -3.314077233189384741e-01 8.063765919779767311e-01
-5.110780398480412323e-01 -8.623309301071309385e-02 5.509319469883370290e-01 -6.593569067850667542e-01 -7.268517588577881883e-01 2.621149391068313683e-01 3.264398712267728153e-01 2.873319716541694047e-01 -9.486769753564069374e-01 8.298819827265599969e-01 4.200432315861805099e-01 3.745454858189518066e-01
1.818811842521696476e-01 8.058676406611002818e-01 4.394062233840061449e-01 7.611434519215674877e-02 1.653571192972241310e-01 -7.202160569546249835e-01 -7.278600844299145667e-01 -7.249105870428986798e-01 -8.386428557172794784e-01 -8.284265186800953140e-01 -1.595570610404004608e-01 -1.065633409409763921e+00
-5.874524175970663453e-01 -7.191615080452565811e-01 -3.612587644859293068e-01 6.827857098084351151e-01 6.910308551027444235e-01 -4.563102488184408445e-01 -7.319116036717835394e-01 2.352475696466370669e-01 -4.788221724735847173e-02 8.188240623565826715e-01 -3.088789575864479553e-01 1.982727141251770797e-01
-2.635714795105493780e-01 6.165411138932017088e-02 -8.525066399252368976e-01 -3.903279510521292517e-01 -1.385363582115077818e-01 8.164666609710985457e-01 5.348761262547744311e-01 8.548299625674995461e-01 -5.376460358722702226e-01 -5.793112782068516875e-01 -5.129491906416893121e-01 9.378730421606552570e-01
-1.511154880264322098e-01 -8.488164797454151866e-01 4.607345544649393831e-01 -8.171078485919825996e-01 8.141962147078166678e-01 -3.715065679870206417e-01 -4.088005708936511828e-01 3.255042696868278296e-01 -2.500778605402906862e-01 1.005703363694372410e+00 -6.495442390321422010e-01 2.499079842997591616e-01
6.075396160621867603e-01 1.812806568324152809e-02 3.482162752410612461e-01 5.225355262385127375e-01 -6.034351052323524978e-02 -7.033034458704139347e-01 -6.738811908520019323e-01 -1.546670254010903689e-01 6.210493367405315324e-01 4.855685313976887962e-01 -4.175929830947872068e-01 -4.571533827579159492e-01
-1.351738255707981340e+00 -4.745834075844864719e-01 1.850309090850571214e-01 -3.917980505518178225e-01 -2.926171087990213082e-01 1.050128026426163652e+00 -2.515187235518438480e-01 8.822266892375791869e-01 -2.384750472876794869e-01 -5.200434435281839907e-01 1.567540802710284120e-01 2.025879297219068398e-01
-3.843659404829896098e-01 8.551900801212339864e-01 -6.385130432084373808e-01 1.308854978061375074e-01 4.093744159552367701e-02 -6.352472867291470981e-01 8.662494135186996624e-01 9.089853869476050008e-01 1.075585205188738902e+00 7.020886316862581245e-01 -9.032827153713959278e-01 4.339055228948452414e-01
3.924648086347779508e-01 9.197892392842330622e-01 5.735473106650383901e-01 -3.231326479408845320e-01 7.644950665792411559e-01 -1.024404320024518977e+00 -9.277716382065267497e-01 1.078347378541796020e-01 -6.972228855029092287e-01 3.748314464338114993e-01 1.468582948653031350e-02 6.485448664546559217e-01
