3.406043923940209606e-01 -1.180272720874296022e+00 8.275455930287025641e-01 -4.890606080089130447e-01 -8.285323189101264640e-01 -2.544597509368574650e-01 8.739793488456023551e-01 -2.388283804386779341e-01 8.507441703574319947e-01 -9.742906799342817559e-01 -8.854263444577215036e-01 4.626560970902988679e-01
6.366555931751944897e-01 4.326571857357423001e-01 3.745732505150749236e-02 2.624681621828485745e-01 -3.351373891539914385e-01 -2.835621947487326766e-01 2.594140942345192768e-01 -6.494647589516435726e-01 5.863232479267953545e-01 1.291344883656025122e-01 -1.743666212948752625e-01 -8.515266021480152325e-01
-5.876555298766440449e-01 1.053192449293840927e+00 1.506526448506046723e-01 -4.695599118520957238e-01 9.037736620604556181e-01 -3.592796211620773450e-01 7.217681162400617634e-01 2.424154199800107601e-02 -3.149999479896147259e-01 5.861243286373349903e-01 1.070537176672662627e-01 4.113266621454439997e-01
-3.074471152302260535e-01 2.995674302159773705e-01 -6.429890922532820463e-01 -3.887766814375667179e-01 -3.340565036853347380e-01 -9.921126970391074273e-01 -7.486805545452777100e-01 -5.584404433412166746e-01 -7.555360708355429722e-01 -4.578057007265518008e-01 5.513640338035898925e-01 9.789027422186480365e-01
-1.506005064979609176e-01 1.560117567279200035e+00 3.951344060411274284e-01 -2.661563529489233693e-01 -3.957617594738932487e-01 9.976690012429201282e-01 -2.895222898602851924e-02 1.399215514924466497e+00 1.098719905431186916e+00 -1.868180283463316549e-01 1.953291204675322856e-01 1.023029885350539958e+00
1.272714349868624695e-01 3.477129272599070453e-01 1.779745142081121889e+00 -1.778372946308761360e-01 2.162416463690402246e-01 -1.043338231986952885e-01 1.054760794598300633e+00 7.018284492301090083e-01 4.633600222196966600e-02 2.435913685016989627e-01 -1.086513076704669567e+00 3.167336734020175237e-01
-8.136791553987297032e-01 8.720264032705952184e-01 -7.679044703366685876e-02 1.180276397657155307e+00 1.297466740648798855e-01 -1.041894405018958913e+00 1.069498377056775418e+00 -7.440442275848069276e-02 8.791561003524717144e-01 -3.678322675052358992e-03 1.309175367174752358e+00 1.289170741490800021e+00
1.594459292271794559e-01 4.824326404393922130e-01 1.682416803654854798e-01 3.710747570283996766e-02 7.792740272256953871e-01 -1.072824483519789096e+00 2.165514568496800657e-02 -3.425440840367173778e-01 -1.200072810946861024e+00 2.782162886903788435e-01 7.341315215133085159e-01 -4.595656865363388355e-01
3.651214672112793602e-01 -7.856409952072632707e-01 1.296002644069538245e+00 1.304689284624014067e-01 4.636030921039784869e-01 5.766687095189675372e-01 2.291147579089968245e-01 -1.271081542970979639e+00 1.567439656788479629e+00 -2.982557061558190892e-01 5.127218291438974118e-01 2.237200012576273656e-02
7.094865648747702425e-01 -3.003954077604883977e-01 -1.220684233569039767e+00 -1.191584305282697542e+00 5.313805649626553995e-01 5.009763804070591076e-02 7.352854532209439631e-01 -3.218357979925827173e-01 3.802534075330680219e-01 5.926571699647357194e-01 5.635107273290550500e-01 -3.901390486167666261e-02
6.691946359114527842e-01 -1.016534588357552726e+00 -1.477316313306308582e-01 -3.200674846206960633e-01 4.682715289349220211e-01 -1.479823251563638919e-01 -2.190068838838942489e-01 -2.444657310935504091e-01 -6.311374308528052701e-01 -7.470346004816984520e-01 1.701306020596529134e-01 5.119725897413470728e-01
