2.433154379004016099e-01 -1.154101445041694873e+00 8.570377096307844056e-01 -4.923774202475523776e-01 -8.285323189101264640e-01 -2.544597509368574650e-01 8.340240727173463542e-01 -2.388283804386779341e-01 8.507441703574319947e-01 -9.742906799342817559e-01 -8.930372584866119734e-01 4.633806467091803327e-01
6.366555931751944897e-01 4.326571857357423001e-01 1.177306820087919564e-01 2.624681621828485745e-01 -3.351373891539914385e-01 -3.542632758916794411e-01 2.592711161514053564e-01 -6.494647589516435726e-01 5.201359954176913991e-01 2.241864773782163978e-01 -1.616279561083270033e-01 -8.018664824895326282e-01
-6.712761907915345549e-01 1.053192449293840927e+00 1.506526448506046723e-01 -4.511138125380194652e-01 9.480651677847793390e-01 -4.210906473398220995e-01 7.217681162400617634e-01 2.424154199800107601e-02 -3.149999479896147259e-01 5.861243286373349903e-01 2.832952963210561004e-01 3.712545238192945241e-01
-4.134814003981110986e-01 2.406199605100088068e-01 -6.632246982012828251e-01 -4.479869894161576105e-01 -3.340565036853347380e-01 -1.032801302122373421e+00 -7.486805545452777100e-01 -5.584404433412166746e-01 -7.555360708355429722e-01 -4.578057007265518008e-01 5.684239928883567661e-01 9.789027422186480365e-01
-3.145195445402571011e-01 1.560117567279200035e+00 3.951344060411274284e-01 -2.661563529489233693e-01 -3.482591691509194232e-01 9.422907941208441551e-01 1.511967517192271820e-02 1.446309323907394306e+00 1.133660445139621942e+00 -1.868180283463316549e-01 1.484627146343654447e-01 9.627393899729128623e-01
1.272714349868624695e-01 1.460663212019287227e-01 1.779745142081121889e+00 -1.778372946308761360e-01 2.823151130423189881e-01 -3.276859264247680703e-02 1.054760794598300633e+00 7.563371702911007022e-01 3.892256605662564733e-02 1.514383253502121496e-01 -1.086513076704669567e+00 3.692669440748753140e-01
-8.260824075329438188e-01 7.987275281631101009e-01 -7.679044703366685876e-02 1.180276397657155307e+00 6.467357783391509962e-02 -1.022520959059833423e+00 1.090645579266756648e+00 -3.033587688221408424e-02 8.791561003524717144e-01 -3.678322675052358992e-03 1.309175367174752358e+00 1.374139776223684439e+00
1.550650688796353649e-01 4.824326404393922130e-01 9.518522095007089789e-02 1.198566355737851474e-01 7.792740272256953871e-01 -1.072824483519789096e+00 4.907866956807816622e-02 -3.425440840367173778e-01 -1.200072810946861024e+00 2.782162886903788435e-01 7.341315215133085159e-01 -4.595656865363388355e-01
4.141320047288306050e-01 -7.424052068501949542e-01 1.243699411297380264e+00 1.074285102540852299e-01 4.636030921039784869e-01 5.325078720534066612e-01 2.291147579089968245e-01 -1.250124196101466412e+00 1.797989663169075270e+00 -2.982557061558190892e-01 5.514809165346272746e-01 -5.537373448352375660e-02
7.094865648747702425e-01 -3.987636233231197647e-01 -1.290881853448076377e+00 -1.085783139092699745e+00 5.492065076731150741e-01 3.358002821937980387e-02 7.352854532209439631e-01 -2.077294057814365047e-01 3.809655521657005495e-01 5.926571699647357194e-01 6.369932997573521938e-01 -2.197608628854634816e-01
5.713690142821197249e-01 -1.016534588357552726e+00 -1.477316313306308582e-01 -3.200674846206960633e-01 4.682715289349220211e-01 -1.596779273470990690e-01 -2.190068838838942489e-01 -2.346440810057354720e-01 -6.311374308528052701e-01 -7.309110830064643460e-01 1.607816774253265635e-01 4.673800574654557449e-01
