2.433154379004016099e-01 -1.165948824687313756e+00 8.275455930287025641e-01 -6.791443746226601963e-01 -8.893030105585736367e-01 -2.544597509368574650e-01 8.739793488456023551e-01 -2.388283804386779341e-01 8.507441703574319947e-01 -9.742906799342817559e-01 -8.930372584866119734e-01 4.626560970902988679e-01
6.366555931751944897e-01 4.472523835282448124e-01 1.256651126600543400e-01 2.624681621828485745e-01 -3.351373891539914385e-01 -3.881343604715917772e-01 2.592711161514053564e-01 -6.494647589516435726e-01 5.863232479267953545e-01 2.241864773782163978e-01 -2.529795290585109546e-01 -8.910481673718000373e-01
-6.712761907915345549e-01 1.053192449293840927e+00 1.506526448506046723e-01 -4.695622893471626536e-01 9.582590249769888935e-01 -4.210906473398220995e-01 7.217681162400617634e-01 2.245870505711664022e-02 -3.149999479896147259e-01 5.861243286373349903e-01 2.832952963210561004e-01 3.712545238192945241e-01
-3.895080136473092480e-01 3.316285913867967339e-01 -6.171892232914750753e-01 -3.887766814375667179e-01 -3.340565036853347380e-01 -1.077239880786573289e+00 -7.486805545452777100e-01 -5.584404433412166746e-01 -7.555360708355429722e-01 -4.578057007265518008e-01 5.374846856104702475e-01 9.789027422186480365e-01
-2.709688480677898692e-01 1.560117567279200035e+00 3.951344060411274284e-01 -2.661563529489233693e-01 -3.957617594738932487e-01 9.976690012429201282e-01 -2.895222898602851924e-02 1.402916242415869652e+00 1.133660445139621942e+00 -2.038758149994906455e-01 1.953291204675322856e-01 9.627393899729128623e-01
1.272714349868624695e-01 2.680462899045761294e-01 1.950668359683910724e+00 -1.778372946308761360e-01 2.998912899774960894e-01 -1.043338231986952885e-01 1.032101833321528606e+00 7.563371702911007022e-01 -2.437491034471737927e-03 1.514383253502121496e-01 -1.086513076704669567e+00 3.692669440748753140e-01
-8.136791553987297032e-01 7.952018084526127906e-01 -7.679044703366685876e-02 1.180276397657155307e+00 6.467357783391509962e-02 -1.006035512599460446e+00 1.117437503438256652e+00 -4.379118178038010623e-02 8.791561003524717144e-01 -3.678322675052358992e-03 1.309175367174752358e+00 1.289170741490800021e+00
1.437336150731152729e-01 4.824326404393922130e-01 9.518522095007089789e-02 1.198566355737851474e-01 7.792740272256953871e-01 -1.001991475120072472e+00 7.575426960487151307e-02 -3.982503937496392199e-01 -1.200072810946861024e+00 2.782162886903788435e-01 7.341315215133085159e-01 -4.853840931115118162e-01
4.473589762517912183e-01 -7.424052068501949542e-01 1.243699411297380264e+00 1.304689284624014067e-01 4.043658881904459990e-01 5.290209023672226563e-01 2.291147579089968245e-01 -1.250124196101466412e+00 1.700621513217244196e+00 -2.855775196609173228e-01 4.879818083479398050e-01 -5.537373448352375660e-02
7.094865648747702425e-01 -4.270450195129900095e-01 -1.220684233569039767e+00 -1.062083873033755177e+00 5.313805649626553995e-01 8.829735426752936822e-02 7.352854532209439631e-01 -2.077294057814365047e-01 3.809655521657005495e-01 6.072628802661780290e-01 6.369932997573521938e-01 -1.958095403491839359e-01
6.691946359114527842e-01 -1.016534588357552726e+00 -1.477316313306308582e-01 -3.200674846206960633e-01 4.738389125056316487e-01 -1.596779273470990690e-01 -2.515203689108755913e-01 -2.346440810057354720e-01 -6.311374308528052701e-01 -7.309110830064643460e-01 1.967062496179211584e-01 4.673800574654557449e-01
