3.672261774128390277e-01 -1.111133049209809931e+00 8.275455930287025641e-01 -4.890606080089130447e-01 -9.028470074702359405e-01 -2.544597509368574650e-01 9.096419348638229430e-01 -2.870976884501438287e-01 8.507441703574319947e-01 -1.063903529057898201e+00 -9.110717784113406825e-01 3.357003592565213634e-01
6.366555931751944897e-01 4.315218262558979667e-01 1.256651126600543400e-01 1.627541650057081069e-01 -2.651105862730007701e-01 -3.270012396983382752e-01 2.592711161514053564e-01 -7.199365590627595513e-01 5.680584287120122866e-01 1.291344883656025122e-01 -1.743666212948752625e-01 -8.515266021480152325e-01
-6.888770003323534397e-01 1.053192449293840927e+00 1.506526448506046723e-01 -4.780106867425414352e-01 9.037736620604556181e-01 -4.075526748403031640e-01 6.957393807832087385e-01 2.424154199800107601e-02 -4.063522251380324302e-01 5.861243286373349903e-01 8.977426631064747142e-02 4.113266621454439997e-01
-2.737801358366122595e-01 2.995674302159773705e-01 -5.170376575513917494e-01 -1.800553767872965227e-01 -3.340565036853347380e-01 -1.074138429066861189e+00 -8.327922711926774024e-01 -6.160811130839833893e-01 -7.555360708355429722e-01 -4.739494554942896842e-01 6.622523010096267315e-01 1.067988661232774028e+00
-2.842663120638865282e-01 1.557536130662198870e+00 3.295907579621775163e-01 -2.661563529489233693e-01 -3.957617594738932487e-01 9.976690012429201282e-01 1.049526608309947484e-02 1.402916242415869652e+00 1.041697828722289998e+00 -1.248570302187435310e-01 1.953291204675322856e-01 9.627393899729128623e-01
1.272714349868624695e-01 3.449982588356061419e-01 1.827296337194856513e+00 -1.869740561058168826e-01 1.905905142282046660e-01 -4.971534042682799331e-02 1.104887136906683720e+00 7.563371702911007022e-01 -8.851976857777874019e-02 3.058669479340201391e-01 -1.086513076704669567e+00 3.855018353236896456e-01
-8.059016294753861276e-01 8.981906263688790304e-01 -7.679044703366685876e-02 1.180276397657155307e+00 6.467357783391509962e-02 -1.041894405018958913e+00 9.560149557104908880e-01 -7.177530271327085820e-02 8.223233982619190252e-01 7.135437066813099527e-02 1.309175367174752358e+00 1.316926813768414251e+00
8.265794683230190398e-02 4.127690574034911797e-01 9.518522095007089789e-02 7.020009251950427853e-02 7.342526712673520528e-01 -1.072824483519789096e+00 -1.140821333591954811e-01 -3.425440840367173778e-01 -1.200072810946861024e+00 2.782162886903788435e-01 6.600682101385660916e-01 -4.015291549804311244e-01
4.035349522364238828e-01 -7.063542444500514605e-01 1.321526868902907159e+00 2.658553454632872071e-01 4.636030921039784869e-01 6.209402669504212602e-01 2.636856441720689670e-01 -1.279172632312306268e+00 1.705423494575760701e+00 -2.982557061558190892e-01 5.134427595958465096e-01 -9.390491858085035781e-02
6.988824185380756449e-01 -2.219432524591427591e-01 -1.220684233569039767e+00 -1.161651262444959976e+00 5.313805649626553995e-01 5.009763804070591076e-02 7.352854532209439631e-01 -1.314349211698991882e-01 3.543634789671009089e-01 5.926571699647357194e-01 6.127055155405526365e-01 -1.123275564609658578e-01
6.691946359114527842e-01 -1.016534588357552726e+00 -1.477316313306308582e-01 -3.200674846206960633e-01 4.682715289349220211e-01 -2.593704591464950915e-01 -2.014888186844962237e-01 -2.346440810057354720e-01 -6.311374308528052701e-01 -7.231728886720381055e-01 1.967062496179211584e-01 3.928767503961016483e-01
