3.335614231683564634e-01 -1.118705384049008655e+00 -3.951573825164390596e-01 8.977552496162069517e-02 -1.042590186615027337e+00 4.613587656807024429e-01 4.785269891446909396e-01 -7.127747068387159102e-01 5.580180053677604723e-01 -5.821231546228531339e-01 -4.744420996418821646e-02 8.935623796721927636e-01
1.090613301807080493e+00 9.213838763064439163e-01 4.726974182574045225e-01 -5.620289707973314952e-01 1.987197328163118337e-01 -3.723260244340455272e-02 5.869000216019866212e-01 -1.384626576302132372e+00 9.689177406887353738e-01 2.969629330265366463e-01 -8.074650793001623139e-01 -7.542218182745837884e-01
-1.064737702937069486e+00 3.569836832252119563e-01 -4.104175436899783480e-01 -6.559500847043501226e-01 1.622852795716144492e+00 -9.408359552687031169e-01 9.178548325420553544e-01 3.134675124703339977e-01 4.004029630644052595e-01 4.207312442194902635e-01 1.049911191530655818e+00 -7.123704359123581020e-02
-1.140996129060625197e-01 8.108764045644308860e-01 -4.258326386760493548e-02 -6.096420403017261958e-01 -3.244120660940273959e-01 -2.444132020028748631e+00 -1.026902627273438728e+00 -6.294408970677616288e-01 -1.022502250211081432e+00 -1.246947813424588158e+00 2.180125415645879361e-01 4.695813870677945090e-01
-1.541092619563889932e-01 1.596411163817411882e+00 9.902963957625834923e-02 1.141020016623167654e-01 1.021402740893364441e-01 8.174045259330527946e-01 -3.376893010932991990e-01 1.746107421833813733e+00 1.294028244801934679e+00 1.163520374329944929e+00 9.275557832117153900e-01 5.991198325251839707e-01
1.853878929649302731e-01 5.192514476769455323e-01 1.849254152351187175e+00 -2.664065984156517297e-01 1.756678279252824881e-01 -1.080316914468444356e+00 8.214864904419354463e-01 1.644527173392213992e+00 1.396265638206964477e+00 8.271825967532497881e-01 -1.617530890299854196e+00 9.184964788216833931e-01
-1.037593362960706367e+00 6.240281466947940059e-01 -4.272998617255172604e-01 7.531350543429439215e-01 -8.498535098400915588e-01 -7.445259887055014625e-01 6.813500692246597934e-01 1.377038654974591658e-01 3.487856224900088287e-01 1.034083321191562044e-01 1.168646238670405957e+00 1.523435050715503891e+00
9.902833660648882597e-02 -6.386418195420220378e-01 -8.722616951900488136e-01 -5.731984487497713276e-01 1.877801022609077164e-01 -1.568062966485978427e+00 -3.628957847327744513e-01 1.291350314662597643e-01 -2.039537704169061882e+00 3.545743183351441896e-01 3.302231505035957970e-01 -6.962723487061923677e-01
-1.622432809769826512e-01 -6.089373626873460787e-02 1.331584161350210405e+00 3.605276485189657376e-01 7.685461656864079893e-01 -1.480492985613990620e-01 -7.498261362254521334e-01 -7.918168640027771765e-01 1.976119445098222460e+00 -3.588044171237129154e-01 1.004778873229531522e+00 6.901314282659916088e-01
-3.593530488982993321e-01 -4.367367741606821563e-03 -4.785570700957445522e-01 -1.587672649528898861e+00 1.248117130355136106e-01 -7.247564980804561963e-02 1.137367812137506151e+00 2.820667700125032429e-01 2.404449455531507129e-01 1.253134360613619602e+00 6.477824927820723389e-01 8.328294061969998552e-02
2.411896704333919561e-01 -1.633758026619978487e+00 -1.455033757189402865e-01 -1.490191267854333868e+00 5.491443358808434372e-01 -1.320222700195049503e+00 -1.101675041654784470e+00 -9.145007302276662864e-02 -1.185737894306891693e+00 -4.679983665088053857e-01 2.299402612278102220e-01 6.625040524459286928e-01
