3.335614231683564634e-01 -1.090532819794779895e+00 -3.994118861163565848e-01 8.977552496162069517e-02 -1.067743084078493387e+00 4.613587656807024429e-01 5.370007008821456873e-01 -6.303163936995915817e-01 4.314262946055744674e-01 -5.795530260641372777e-01 -4.744420996418821646e-02 8.227334356155024953e-01
1.129629196159430693e+00 8.512394473264336403e-01 4.726974182574045225e-01 -5.620289707973314952e-01 1.395586841089691554e-01 -3.723260244340455272e-02 5.362122385328466079e-01 -1.266360723104057895e+00 9.629278149784803453e-01 2.969629330265366463e-01 -8.074650793001623139e-01 -7.136473826337279558e-01
-1.081719028390947690e+00 4.451012458788105586e-01 -3.318336294898185379e-01 -6.308506934328805826e-01 1.622852795716144492e+00 -9.408359552687031169e-01 9.178548325420553544e-01 4.478558940084062523e-01 3.983187622788063043e-01 4.487985426249815335e-01 1.049911191530655818e+00 -5.705973887033288089e-02
-1.484537328200011275e-01 9.056967284733604684e-01 -1.413920737283314577e-01 -5.710401451877040735e-01 -3.244120660940273959e-01 -2.346653639917284817e+00 -1.028467031981439295e+00 -5.689745745637375673e-01 -1.172447831815637720e+00 -1.191943302770205104e+00 1.320403595658567741e-01 4.015521007901732831e-01
-2.163596136370858070e-01 1.596411163817411882e+00 9.902963957625834923e-02 1.141020016623167654e-01 1.638743131004769260e-01 7.735863236508012664e-01 -4.178909856061808759e-01 1.746107421833813733e+00 1.294028244801934679e+00 1.276433594058865140e+00 9.313759973653550350e-01 5.991198325251839707e-01
2.779139595468840263e-01 5.192514476769455323e-01 1.872628452549149003e+00 -2.664065984156517297e-01 1.096274104556187456e-01 -1.154584170472683358e+00 8.793881733699053793e-01 1.583954056466504223e+00 1.428574677945900984e+00 8.505425080321100673e-01 -1.560372176832173441e+00 9.841895255156200006e-01
-9.927509719457785486e-01 6.056280682056394138e-01 -4.272998617255172604e-01 9.062192110261493294e-01 -9.270874156436100799e-01 -7.445259887055014625e-01 6.596743386013506072e-01 1.770042007246679094e-01 3.008171153385357233e-01 1.843242002266414215e-01 1.095881269702747129e+00 1.495099517328071892e+00
-2.912892570353412675e-02 -6.374483150023418920e-01 -8.722616951900488136e-01 -6.095346837857252842e-01 1.734015733589658881e-01 -1.556070731115022143e+00 -3.628957847327744513e-01 1.363095479830973566e-01 -2.039537704169061882e+00 3.803731943984694497e-01 2.565724892734565499e-01 -7.036298762231483206e-01
-6.034333335219416172e-02 -1.436881541118364136e-01 1.325252218336941512e+00 3.226359520129151726e-01 7.325932018972260984e-01 -1.480492985613990620e-01 -7.498261362254521334e-01 -7.921698337557054881e-01 1.976119445098222460e+00 -3.200176638256204686e-01 9.150404971263725873e-01 6.775482444413770677e-01
-2.626233899237918612e-01 4.579640721112010482e-02 -4.519344738827210661e-01 -1.639809992978477737e+00 1.845389385574910113e-01 -1.133242581859462972e-01 1.137367812137506151e+00 3.125124280397546528e-01 1.937457084719522715e-01 1.253134360613619602e+00 7.145068743391740362e-01 8.328294061969998552e-02
3.089854485586361332e-01 -1.820016873749029873e+00 -2.128887540809275836e-01 -1.490191267854333868e+00 5.756545454214594404e-01 -1.320222700195049503e+00 -1.101675041654784470e+00 -9.145007302276662864e-02 -1.247657469934686958e+00 -6.180747166127379399e-01 2.087661422190655036e-01 7.418342922649904247e-01
