3.878885226783667095e-01 -1.306093023878887482e+00 -5.466914668917284281e-01 1.404979513063250585e-01 -1.088904795527528169e+00 3.873880191938219308e-01 4.595107244919490741e-01 -7.534867029872465150e-01 6.427099739126365119e-01 -4.217015675810772413e-01 2.101876763093100120e-01 8.302284975414826462e-01
1.230995419864279183e+00 8.472354439246243540e-01 3.545509383488331112e-01 -5.923356504913462883e-01 8.777891825543154836e-02 -1.322011795977676707e-01 5.291659217264679249e-01 -1.106855077741806692e+00 8.345063544773743125e-01 2.254742756921004343e-01 -7.661314954384343956e-01 -8.118672970101783459e-01
-9.633082406398277842e-01 3.745179861130887300e-01 -5.109634862123794141e-01 -5.361400030408405293e-01 1.697859607144280858e+00 -9.999692586225698010e-01 1.062939352143967175e+00 4.984038652950844583e-01 6.054288346075406002e-01 3.397893105181788442e-01 1.114237249523011064e+00 -5.587113861775367535e-02
-1.150369580090033483e-01 5.663977256377543679e-01 -1.001792734899034087e-01 -6.358183279587326098e-01 -4.699318346110258338e-01 -1.842413180400190864e+00 -1.008420569444271830e+00 -6.735431225741674854e-01 -1.014399483503507060e+00 -1.145866411814357777e+00 1.513121615839593537e-01 2.799653141114275545e-01
-2.254310284043738732e-01 1.575634036976174546e+00 8.135994265054762031e-02 7.865447917744042283e-02 3.004435092572009802e-01 7.662874176700470441e-01 -3.364921698746483614e-01 1.779642188356860943e+00 1.326002187566334811e+00 1.385932581552230980e+00 9.873326621242903833e-01 6.829146480281977905e-01
2.501766598167921019e-01 5.914136506611554767e-01 1.819640716740019482e+00 -4.658405039282363380e-01 3.156908863799854359e-01 -1.124391885667488600e+00 9.885460550695936988e-01 1.459143903909534634e+00 1.440398032704088838e+00 8.972047594609549037e-01 -1.368815946958830576e+00 7.741981636664114763e-01
-8.432630896507301577e-01 6.666927402875065800e-01 -5.792455212385141383e-01 8.094768213894136810e-01 -9.014862506684485632e-01 -5.576544048256144581e-01 6.698136238893465100e-01 5.506407930057914679e-02 2.842652903004898590e-01 2.163495511006868488e-01 1.105237572069132979e+00 1.496550988488677847e+00
-2.371568011713788282e-01 -6.149104894359272988e-01 -9.934101908422090510e-01 -7.353588870055169924e-01 3.735407318706193691e-01 -1.586018246318807945e+00 -3.102581784492456363e-01 4.233842380980944176e-02 -2.009650584440719978e+00 4.528750707296886890e-01 2.145727640785631551e-01 -8.818886473271581039e-01
-9.354639689047601625e-02 -4.975624832231699546e-02 1.346608253966100843e+00 2.911592051148556015e-01 7.827504200100159348e-01 -1.616538690592617122e-01 -6.635469587496614086e-01 -8.345475325180824466e-01 2.101412243036301142e+00 -4.124895556592964585e-01 9.702020187563972220e-01 5.841231263655666250e-01
-3.087872577112009131e-01 2.200365797501572240e-01 -5.402250731499096403e-01 -1.475932867422764305e+00 3.196226059784142842e-02 -2.097381384384874869e-01 1.165908026173456680e+00 2.849699323822341146e-01 1.691626663865100078e-01 1.252381889437173657e+00 5.890364714164126880e-01 3.328165541635431934e-02
3.591547700480317573e-01 -1.629585340897540924e+00 -2.522598738562571441e-01 -1.378592229381052858e+00 4.336561558209323652e-01 -1.568191318939349044e+00 -9.472651982777865465e-01 -2.433477023855861732e-01 -1.184774927449296023e+00 -5.449074625545687889e-01 1.805880502430157464e-01 4.690890201543483351e-01
