3.335614231683564634e-01 -1.103676909540556972e+00 -3.498813768711674932e-01 8.977552496162069517e-02 -1.067743084078493387e+00 4.613587656807024429e-01 4.464788823844936250e-01 -6.154480328579250425e-01 4.829571335620354011e-01 -5.795530260641372777e-01 -4.744420996418821646e-02 8.227334356155024953e-01
1.129629196159430693e+00 8.512394473264336403e-01 4.726974182574045225e-01 -5.620289707973314952e-01 1.991207259893989501e-01 -3.723260244340455272e-02 5.362122385328466079e-01 -1.266360723104057895e+00 9.629278149784803453e-01 2.001333236176531805e-01 -7.238844086391909016e-01 -7.922459747113703710e-01
-1.081719028390947690e+00 4.451012458788105586e-01 -3.318336294898185379e-01 -6.308506934328805826e-01 1.561251140721255704e+00 -9.408359552687031169e-01 9.178548325420553544e-01 4.050366673943462392e-01 3.983187622788063043e-01 3.535727403614915554e-01 1.069651214048954024e+00 -5.705973887033288089e-02
-1.484537328200011275e-01 8.993699175199433293e-01 -1.413920737283314577e-01 -5.710401451877040735e-01 -3.244120660940273959e-01 -2.346653639917284817e+00 -1.078805831136158355e+00 -5.689745745637375673e-01 -1.022502250211081432e+00 -1.191943302770205104e+00 3.432480628880028861e-02 4.015521007901732831e-01
-2.163596136370858070e-01 1.596411163817411882e+00 9.902963957625834923e-02 6.946439322609376799e-02 1.638743131004769260e-01 7.735863236508012664e-01 -3.693059710527741846e-01 1.746107421833813733e+00 1.294028244801934679e+00 1.337098574258120065e+00 9.313759973653550350e-01 5.991198325251839707e-01
1.853878929649302731e-01 4.476229320898540975e-01 1.872628452549149003e+00 -2.664065984156517297e-01 1.096274104556187456e-01 -1.080316914468444356e+00 8.793881733699053793e-01 1.578397934992558760e+00 1.428574677945900984e+00 8.419252299430086683e-01 -1.532867113840111095e+00 9.841895255156200006e-01
-9.733295177438422430e-01 6.784307400724078896e-01 -4.272998617255172604e-01 8.770923050759701356e-01 -9.270874156436100799e-01 -7.445259887055014625e-01 6.596743386013506072e-01 2.209683320116501981e-01 3.008171153385357233e-01 1.843242002266414215e-01 1.094712459169440155e+00 1.523435050715503891e+00
-2.912892570353412675e-02 -6.374483150023418920e-01 -8.556134295881139273e-01 -6.095346837857252842e-01 1.903543958920554113e-01 -1.556070731115022143e+00 -3.628957847327744513e-01 1.363095479830973566e-01 -2.039537704169061882e+00 4.697050019691018652e-01 3.073007169009676076e-01 -7.036298762231483206e-01
-1.310025877135175265e-01 -1.436881541118364136e-01 1.325252218336941512e+00 3.226359520129151726e-01 7.325932018972260984e-01 -1.480492985613990620e-01 -7.251851859332604233e-01 -7.496253219222877018e-01 2.003582955264955778e+00 -3.588044171237129154e-01 9.150404971263725873e-01 6.775482444413770677e-01
-2.770207067515513266e-01 -5.345229867580705840e-02 -4.519344738827210661e-01 -1.587672649528898861e+00 1.845389385574910113e-01 -1.548504893781483260e-01 1.137367812137506151e+00 3.125124280397546528e-01 1.937457084719522715e-01 1.253134360613619602e+00 6.477824927820723389e-01 8.328294061969998552e-02
3.089854485586361332e-01 -1.786457569414254376e+00 -2.400076956407666551e-01 -1.490191267854333868e+00 5.756545454214594404e-01 -1.320222700195049503e+00 -1.101675041654784470e+00 -9.145007302276662864e-02 -1.126892364207540576e+00 -6.180747166127379399e-01 2.087661422190655036e-01 7.418342922649904247e-01
