8.809743699040593068e-01 -9.569112623262949757e-01 1.881726350522028302e-01 -3.454768245384631231e-01 -1.145808113690167218e+00 -8.451787472888373787e-02 8.817805012939904374e-01 -2.733421404423301282e-01 7.042950519079140825e-01 -8.877457397486082646e-01 -5.893796529525289207e-01 4.104311259216680829e-01
8.810867282285658186e-01 1.028783664093416483e+00 -5.063963928574945900e-02 -2.143190641315513845e-01 -1.133917311153246205e-01 -1.267230772526087845e-01 7.276876098187118336e-02 -5.692321620190983200e-01 5.198129813598368898e-01 -7.211748626309733012e-02 -4.779328102365461017e-01 -7.929954722700407466e-01
-9.137040387130019869e-01 2.947627879014200203e-01 1.056405317877296274e-01 -2.398840565334693364e-01 1.200832800242460641e+00 -6.299484551636187757e-02 7.542684759159967722e-01 4.111373520422377248e-01 -1.223828556334488060e-01 3.137073299520506398e-01 2.783609081287128362e-01 2.486796743366881390e-01
-1.695978086235024329e-01 8.069567210090303200e-02 1.824015326844926621e-01 -3.669404439570658205e-01 -9.417887337941540649e-01 -1.344913859012579094e+00 -6.276128194246155534e-01 -6.805433322170687527e-01 -8.905229174017817995e-01 -6.086935869505690766e-01 2.424562294355441655e-02 8.509371316018948805e-01
-1.619070592539782472e-01 1.487516123491066988e+00 3.985882492762536922e-01 -2.449848080153676777e-01 -2.529733524865618310e-02 9.260174681089976545e-01 -1.606705316901430730e-02 1.236855663235036706e+00 5.347086653041224213e-01 6.459624738522022902e-01 4.106668801250473178e-01 1.015049508814589885e+00
1.551655987248649060e-01 3.748994836598609215e-01 1.665932551200656198e+00 -7.550603740337984149e-02 2.568808333773374419e-02 -3.716843980438217510e-01 3.110925728872466767e-01 1.185299291868382010e+00 5.471447422155671925e-01 1.686679485406415158e-01 -1.490434443986858648e+00 5.618170804220328218e-01
-9.905037080385727943e-01 7.308602151646536038e-01 -2.159084054050461610e-01 7.979852046196191928e-01 -1.814376524266302915e-01 -8.234699029512971835e-01 1.092735606169360496e+00 -4.186075867369236370e-03 1.312860598011657665e+00 1.669463145485331479e-01 1.272136071535270307e+00 1.498785173789178859e+00
-5.628858259892955962e-01 1.639802636962865712e-02 -2.770222190959364394e-01 -1.081467172873440408e-01 1.071791855121378756e+00 -1.128981726518287321e+00 -4.790186140159238826e-01 -4.180649400608347221e-01 -9.487720702639540482e-01 -2.902152469439976956e-01 3.968987530479116121e-01 -2.915849507086856751e-01
2.125255019740018847e-02 -3.196995170285574228e-01 1.163283155133645774e+00 6.320874432178287261e-01 5.006326132620737557e-01 8.869290994995607247e-02 -1.202392511744359849e-01 -1.430757185028582068e+00 1.774186645280074970e+00 -2.632438702687818211e-01 7.586635850688019378e-01 2.401637010729681110e-01
6.403870507291978265e-02 -7.358403861230902732e-02 -7.908785701285198089e-01 -8.137741470572327218e-01 1.709051931101989996e-01 -8.783444917659404688e-03 1.075935236043675136e+00 8.189855149703138826e-02 4.025356636026009571e-01 1.191585013318368746e+00 4.714069668160512649e-01 -5.663667444338877921e-01
4.665879557122307730e-01 -1.199780127067636926e+00 -4.177934630183469111e-01 -7.293205304151836321e-01 6.111932708615721577e-01 -7.543654747160584151e-01 -6.280138039197589173e-01 4.372866476917005446e-03 -9.455344582269424869e-01 -3.808926432717490984e-01 -2.630403421047265988e-01 7.683075095936217069e-01
