7.167185820595625145e-01 -9.300198913202800677e-01 3.587813181471716240e-01 -3.142065027620273843e-01 -1.192507906453336819e+00 -1.949556432829592789e-01 8.400413923051585074e-01 -2.548330651859428420e-01 6.260770544532188175e-01 -8.794390507917763111e-01 -5.379025745725983798e-01 5.283924088351231729e-01
9.256005162937765984e-01 1.069439291881989496e+00 2.850751821958182747e-02 -1.909027357991114615e-01 -1.796945461372073949e-01 -1.267230772526087845e-01 1.585685661243667610e-01 -6.832869744125925626e-01 5.238585145935438225e-01 -7.211748626309733012e-02 -2.658251665823798682e-01 -7.542254995952715202e-01
-9.129383857662203283e-01 2.960547543845316043e-01 1.781591325671093851e-01 -1.517353373028471342e-01 1.202089625372069204e+00 7.214820933255844393e-03 8.155940241198657015e-01 3.791526639385692232e-01 -1.223828556334488060e-01 2.624053455387342915e-01 3.271857816965469956e-01 2.856710731084981525e-01
-2.255118405045300201e-01 3.850039036831624795e-02 2.119392743994340245e-01 -4.493063519566905528e-01 -9.179591732879504029e-01 -1.344913859012579094e+00 -7.939951336446444685e-01 -5.968565429164672809e-01 -8.472789062054285614e-01 -6.261790341381846536e-01 2.742080536771112076e-01 8.562848657080045500e-01
-2.962976445739751163e-01 1.545237959388442661e+00 4.523802951723707721e-01 -1.042783883249011889e-01 8.265730953260673475e-02 9.532100949606904239e-01 7.443561850179580830e-02 1.241313136171183551e+00 5.347086653041224213e-01 5.174986609930751769e-01 4.196831065349279632e-01 9.971845849043523557e-01
5.610921328703422778e-02 3.075289089363828499e-01 1.833757340106263900e+00 3.731507495049089795e-02 1.657233606624306244e-01 -2.599920859150215979e-01 4.933395347487880556e-01 1.184516427023425633e+00 5.963851633284835696e-01 2.301791605127801454e-01 -1.471394847557265351e+00 5.794847224379946482e-01
-1.009599575367760460e+00 7.308602151646536038e-01 -2.351088166736413076e-01 8.377647208866790818e-01 -3.001003822356539397e-01 -6.319882605626266914e-01 1.101506043084993669e+00 -1.467651432659021205e-01 1.312860598011657665e+00 2.262234037967518763e-01 1.358321967926061635e+00 1.498785173789178859e+00
-5.628858259892955962e-01 1.872453183295867685e-01 -3.594522111943113662e-01 -1.081467172873440408e-01 1.068757014156136664e+00 -1.135092026000445342e+00 -3.205165831783402530e-01 -2.814271199665282497e-01 -9.619021867769838030e-01 -2.013804827798206520e-01 3.864085096615775816e-01 -2.264981373130892650e-01
2.125255019740018847e-02 -1.523075873493497934e-01 1.066235578713823351e+00 5.456244123205041818e-01 4.515818656210429660e-01 5.904578057668381785e-02 -1.769909302980585131e-01 -1.457494446703148760e+00 1.802848108312617992e+00 -3.787595994878689698e-01 8.647923726046643500e-01 2.717142806691191792e-01
-2.388730282681703065e-02 -8.007642752293298027e-02 -7.677887871200859138e-01 -8.360183476021770810e-01 2.011512520111108926e-01 -9.014464896521995341e-03 1.060125524026111599e+00 1.375961846262435395e-01 4.025356636026009571e-01 1.124671954166144294e+00 4.659465602661259087e-01 -6.557840256273584911e-01
4.933269313984777193e-01 -1.187598381416854032e+00 -4.282888215076450233e-01 -6.421786505160770320e-01 6.408473736142936694e-01 -7.192883349190115627e-01 -7.114270203762331768e-01 4.372866476917005446e-03 -6.807628030442519629e-01 -4.468955316956168544e-01 -3.303845868151007448e-01 7.683075095936217069e-01
