8.809743699040593068e-01 -9.569112623262949757e-01 2.625257501923671244e-01 -3.454768245384631231e-01 -1.305462053331124972e+00 -8.451787472888373787e-02 8.817805012939904374e-01 -3.406464704142139199e-01 6.379555953708458960e-01 -8.877457397486082646e-01 -5.852096575851166715e-01 4.104311259216680829e-01
9.171412023256577672e-01 1.028783664093416483e+00 -8.902876336029860727e-04 -1.644657415394223665e-01 -1.133917311153246205e-01 -1.267230772526087845e-01 8.256419303167303325e-02 -5.692321620190983200e-01 5.872798218624288857e-01 -7.211748626309733012e-02 -4.779328102365461017e-01 -7.127631871058902613e-01
-9.137040387130019869e-01 2.947627879014200203e-01 1.056405317877296274e-01 -2.398840565334693364e-01 1.200832800242460641e+00 -6.299484551636187757e-02 7.542684759159967722e-01 4.111373520422377248e-01 -1.753570786128030579e-01 3.137073299520506398e-01 2.783609081287128362e-01 2.835146239077698249e-01
-1.695978086235024329e-01 7.340003876479483935e-02 1.824015326844926621e-01 -3.669404439570658205e-01 -9.179591732879504029e-01 -1.344913859012579094e+00 -6.276128194246155534e-01 -6.127952907640688007e-01 -8.472789062054285614e-01 -6.261790341381846536e-01 -2.996083981658241580e-02 7.865632870191411330e-01
-1.454499400500345041e-01 1.487516123491066988e+00 4.149946768583893109e-01 -2.414707369032932649e-01 -2.529733524865618310e-02 9.260174681089976545e-01 1.133223544729926729e-01 1.236855663235036706e+00 5.347086653041224213e-01 5.743812584636043272e-01 4.106668801250473178e-01 9.971845849043523557e-01
1.551655987248649060e-01 2.929026356923374319e-01 1.665932551200656198e+00 -5.999844050331390455e-02 2.568808333773374419e-02 -3.430081994747126162e-01 3.110925728872466767e-01 1.268738583205750725e+00 5.471447422155671925e-01 2.301791605127801454e-01 -1.490434443986858648e+00 5.618170804220328218e-01
-9.447635796843321110e-01 7.308602151646536038e-01 -3.467329732940093168e-01 8.075037023292570559e-01 -2.787713271831493422e-01 -8.000987858550276943e-01 1.092735606169360496e+00 -1.467651432659021205e-01 1.312860598011657665e+00 2.243010687412862747e-01 1.272136071535270307e+00 1.498785173789178859e+00
-5.354245554422140119e-01 1.077532392722488491e-01 -3.362574718920446903e-01 -1.081467172873440408e-01 1.071791855121378756e+00 -1.144242208423810858e+00 -4.540794097811913788e-01 -3.017117515223703972e-01 -8.815372353979460396e-01 -2.902152469439976956e-01 4.294425644284929899e-01 -3.484615297730235262e-01
2.125255019740018847e-02 -3.196995170285574228e-01 1.163283155133645774e+00 6.320874432178287261e-01 5.006326132620737557e-01 8.869290994995607247e-02 -1.769909302980585131e-01 -1.438524086328323959e+00 1.774186645280074970e+00 -3.580180331025791252e-01 8.328413386379944772e-01 2.401637010729681110e-01
5.938285161915058535e-02 -1.677605680256404885e-01 -8.394656459243513558e-01 -8.137741470572327218e-01 1.709051931101989996e-01 -9.014464896521995341e-03 1.075935236043675136e+00 8.189855149703138826e-02 4.025356636026009571e-01 1.191585013318368746e+00 4.714069668160512649e-01 -6.493910789113330750e-01
4.933269313984777193e-01 -1.199780127067636926e+00 -4.177934630183469111e-01 -7.293205304151836321e-01 5.824937462856394355e-01 -7.543654747160584151e-01 -6.280138039197589173e-01 4.372866476917005446e-03 -8.269582398010986157e-01 -3.808926432717490984e-01 -2.630403421047265988e-01 8.235297250576907313e-01
