6.981859655075405291e-01 -1.060813538454892901e+00 -6.053839087792385332e-01 1.717395885238037490e-01 -1.138396298911546811e+00 3.243079924470745889e-01 6.057784895336602027e-01 -3.663839131916278857e-01 3.814119262020346790e-01 -1.313667616731206966e-01 1.586036064670118262e-01 1.052008904103870490e+00
8.462500473263450118e-01 7.463935849469710559e-01 2.871436412824468487e-01 -4.686904685433309625e-01 3.023773014454677818e-02 -8.847441799157723663e-02 3.402717624197964530e-01 -9.924383555802890333e-01 9.054602280432542116e-01 5.344218294480568288e-02 -4.115703623506128395e-01 -1.064034059631320472e+00
-9.048122579661513898e-01 2.419563382459591905e-01 -4.870069180248631779e-01 -3.565381934349870496e-02 1.665238503580771301e+00 -9.404798540967876930e-01 9.776856720400395329e-01 5.571015434257416965e-01 2.623593447672472601e-01 7.273314175098917200e-01 1.048729306913391834e+00 1.268502857357755031e-01
-4.479128319386266877e-01 6.851325633323772646e-01 -1.253057120524901924e-01 -9.660473091470161977e-01 -7.821279171975169531e-01 -1.492230098006087191e+00 -9.902104648090919170e-01 -5.866251604066772263e-01 -8.766851506848015729e-01 -1.040937984353385470e+00 -1.481557690496284607e-01 5.571870807393815017e-01
-3.386289870139837510e-01 1.911406039251226208e+00 1.872572266233453742e-01 1.679100495575498730e-01 1.015543215370000307e-01 8.747199355937846921e-01 -1.360686535362407301e-01 1.777992040771623206e+00 1.325040784798197979e+00 1.198775474375146199e+00 1.055591819453005398e+00 6.853707835928608549e-01
3.871860969603125313e-01 2.457237596856866324e-01 1.670119209432280760e+00 -4.732658800762617468e-01 4.403238336069646708e-02 -7.709645485536896770e-01 6.418430243418979941e-01 1.235811767504742420e+00 1.050475769958646888e+00 1.057042999476946576e+00 -1.509462863314317671e+00 7.484714291701438649e-01
-8.908244211946888536e-01 4.812078323658598999e-01 -7.623489674393064686e-01 8.295306621288561777e-01 -9.426733738309094335e-01 -9.095624233777731549e-01 7.845497864698892654e-01 2.302215530027486301e-02 6.551377862995053647e-01 -4.502749556907063855e-02 1.047237464603896218e+00 1.771340792660636376e+00
-2.091687891403024024e-02 -7.177335748294458861e-01 -8.066549872107733332e-01 -6.683148008264624407e-01 5.021503036385517316e-01 -1.386655778649508841e+00 -3.603913816837001072e-01 1.163984135688699295e-01 -2.016127079436868641e+00 1.559186444158847384e-01 2.479149398508261049e-01 -7.282651258719262666e-01
-1.060114178078857411e-02 -1.095646741513021244e-01 1.355503468778709308e+00 6.604216295499947265e-01 7.239204272001226181e-01 -5.288496446230141895e-02 -6.625459674517426567e-01 -8.507275644667555703e-01 1.806885858409017720e+00 -2.513212393444934079e-01 9.839806206046928239e-01 5.683004359580910991e-01
-2.070175532333124180e-01 -7.551766155226664889e-02 -4.432274662174462976e-01 -1.239073083087294025e+00 3.126230823445254048e-01 -9.253512204180250333e-02 1.131808112061199356e+00 4.772501139728102526e-01 1.276598152368389194e-01 1.262183769983003856e+00 4.284747623237697978e-01 -1.968212927716159188e-01
3.061745377400643120e-01 -1.553921884517825092e+00 -3.515021001549238910e-01 -1.618590858810169397e+00 7.273618953223540684e-01 -1.516461533822618390e+00 -1.035776745837055701e+00 -1.309595862965451663e-01 -1.126391104494463447e+00 -4.598584444712873198e-01 1.095398225094502687e-01 6.631340436031434304e-01
