7.196085021659304193e-01 -1.229881509570604381e+00 -6.290919102778540495e-01 2.869018847962781504e-01 -1.065939206004119288e+00 2.389049269847422496e-01 5.848102685634568587e-01 -4.790058795988440532e-01 5.630615736954889261e-01 -1.965864142566896844e-01 9.443752413870938611e-02 9.007624149352003728e-01
7.422317835751532922e-01 6.882067273922518602e-01 4.128398622577058030e-01 -5.529809888750132352e-01 -1.203952484202117507e-01 -8.019145225597421045e-02 4.101681552725727209e-01 -1.023111338022260730e+00 9.638121879190485464e-01 2.912763497491807629e-01 -6.154952605168446667e-01 -7.762226989871160443e-01
-9.159542338656684324e-01 6.461330965113490366e-02 -3.649430556167481132e-01 -4.554673442997138610e-01 1.486541892320780933e+00 -8.707813870535717760e-01 1.146995867563048055e+00 7.115861183748077856e-01 4.455193968220718670e-01 4.317176826137752443e-01 1.156009359910510348e+00 3.005825927628833633e-02
-7.944859512231908227e-02 8.320185984665418033e-01 -6.236622192491646233e-02 -9.888014829774364189e-01 -4.932467382130713007e-01 -1.783304802406682876e+00 -9.656062647453003134e-01 -4.169655541987808967e-01 -9.876450113226918903e-01 -9.528756079824656222e-01 9.981391998685595901e-02 4.089493723118010626e-01
-2.278090413847673190e-01 1.814059732066637620e+00 1.132666005949471283e-01 7.122415645564508790e-02 3.484569471005016239e-01 7.558422831149418375e-01 -8.006725150424283399e-02 1.848417636919387430e+00 1.118764076504686900e+00 1.207501894053093050e+00 1.027644241273165671e+00 7.701484697854729111e-01
2.544198672416259077e-01 4.256531760922883656e-01 1.758039232356596981e+00 -2.409051659262199108e-01 1.084919517274734457e-01 -8.025429855598079643e-01 8.232600250350994298e-01 1.623826657457914768e+00 1.186369668063785632e+00 9.005295972828939455e-01 -1.607253923701055243e+00 9.532858209496387625e-01
-8.753664365528722735e-01 5.978123595347613062e-01 -5.902197377983514626e-01 8.712777172387999869e-01 -8.943019867632550080e-01 -9.972250326120704056e-01 7.692757742037986679e-01 -5.319609653197149290e-02 5.751164454538413295e-01 3.046117155667369542e-02 1.134986214049469089e+00 1.586087476871963942e+00
-1.392425689125616206e-01 -6.943341276491562519e-01 -7.510375448337162085e-01 -4.019460630385766620e-01 2.394761344651108181e-01 -1.482660041711572285e+00 -2.155128010450899634e-01 -4.755058384919338965e-03 -1.853562964239775512e+00 8.455459779700769118e-02 3.918498449167964748e-01 -7.676019419648510977e-01
-9.782599148293835700e-02 -2.358991882608308943e-01 1.422182321466779475e+00 3.782088338926781756e-01 8.170035709274016122e-01 -1.416613802480108375e-01 -7.107385515253576980e-01 -1.019292844961554145e+00 1.835678893701650827e+00 -3.610418586337257874e-01 1.039298189345401413e+00 5.918650143548825904e-01
-2.536262190569862907e-01 -1.505366064201462892e-02 -5.814897850134480572e-01 -1.306410038971105525e+00 5.910888738418698662e-02 -1.463200191401829026e-02 1.056418436425142993e+00 5.243310918628442119e-01 2.137123538065650030e-01 1.193715840215461066e+00 3.639911100837548430e-01 1.123850681200970619e-01
2.043132132366010101e-01 -1.633539387948076183e+00 -2.649474977895340810e-01 -1.514277909811018841e+00 4.929519100349828431e-01 -1.578387091952178078e+00 -9.838015942937160530e-01 -2.034520673216388131e-01 -9.872864509203725936e-01 -6.288805305349023378e-01 1.638226592034838780e-01 6.496337721305495139e-01
