6.976980566281444363e-01 -1.160943538524229712e+00 -6.133440408235724117e-01 2.858153898472955978e-01 -1.028509171291348556e+00 8.811931903690881085e-02 7.397031330543117900e-01 -4.790058795988440532e-01 5.182084308867189737e-01 -4.130331709657001360e-01 1.205854609670561628e-01 9.156968227756634437e-01
7.638131026467218643e-01 7.506346917786322903e-01 2.598924636389461917e-01 -5.522572782323252882e-01 -1.417543529851559014e-01 -2.585166634291949372e-01 3.961578321925739998e-01 -1.216946553491598637e+00 9.733889924462092447e-01 2.994611170721597215e-01 -6.240626552175569941e-01 -9.222501162698418797e-01
-9.159542338656684324e-01 1.886793197742028250e-01 -4.877253247460260899e-01 -4.626008339329398256e-01 1.551978969339335990e+00 -9.043971500152978571e-01 1.146850654888003973e+00 5.854880999687894771e-01 5.429405580526008857e-01 4.520189531490164114e-01 1.004426186168397628e+00 1.941792263796496276e-03
-2.587325249225201351e-01 7.090997399141496516e-01 -1.675991097522213369e-01 -9.033007334537105359e-01 -3.743768015613161415e-01 -1.682672864972914573e+00 -1.099245379891889751e+00 -6.309461835751338787e-01 -9.780973384858151487e-01 -1.097963343527950109e+00 9.981391998685595901e-02 4.244502087128438350e-01
-2.564994648047830283e-01 1.961790932223731687e+00 5.954692563566525709e-02 2.335336465758093560e-01 3.484569471005016239e-01 6.839457621559423828e-01 -3.986336630836843642e-01 1.857829716576372192e+00 1.249263101448784274e+00 1.388368081730025239e+00 1.030202991446174110e+00 8.047959925507326417e-01
2.741127904206479560e-01 4.594001799405743047e-01 1.740057633144599381e+00 -2.774949115216935325e-01 1.476421897103979419e-01 -7.394033057892089866e-01 7.851088745731430452e-01 1.435443193720687960e+00 1.187866834068435518e+00 9.755696841929023533e-01 -1.692546014088652573e+00 8.865923034279963311e-01
-9.164670088849876661e-01 6.264096665232986583e-01 -6.006891038452741860e-01 1.123538741493314674e+00 -9.075844034340584399e-01 -9.008819647309931344e-01 7.257258277029481341e-01 -2.544951046276996975e-02 5.578208928510186571e-01 -2.058250362032133449e-02 1.179299228008558797e+00 1.640862720827544141e+00
-2.332787674340671413e-01 -6.648660299142872265e-01 -8.216840729580631164e-01 -4.265235737851132969e-01 2.394761344651108181e-01 -1.429040339212052979e+00 -2.870700052638819333e-01 -4.743711726678341567e-02 -1.759952055605683796e+00 1.529551799452952277e-01 3.918498449167964748e-01 -7.316243562907686071e-01
-1.530332525649470976e-01 -1.498258473416254344e-01 1.408499198430904542e+00 4.481858544840025549e-01 7.202039443192358448e-01 -7.458170866354037198e-02 -6.723245757235283282e-01 -1.061104035128293877e+00 1.866465297256056255e+00 -2.729551895731719968e-01 9.491025268667435677e-01 5.406969554248438614e-01
-3.175849705290108016e-01 -1.466567564598058038e-01 -5.137684814217124973e-01 -1.311110023976199690e+00 8.028681433715863236e-02 -2.980635724971046618e-02 1.197631298578189396e+00 4.796204117125675292e-01 2.137123538065650030e-01 1.174645915805349938e+00 4.302297091717646182e-01 1.174871053027675694e-01
1.405551490030438611e-01 -1.553921884517825092e+00 -2.293098997778574566e-01 -1.563233541185014008e+00 6.046801646732002933e-01 -1.467466804560617621e+00 -9.623991718466321510e-01 -1.168187967140724981e-01 -9.229561083185708892e-01 -4.612667342327456121e-01 2.085988878001521496e-01 5.687907337516842077e-01
