6.170695891065473004e-01 -1.232202018472490668e+00 -5.762720311163982423e-01 2.294178540514405507e-01 -1.068181192976949578e+00 2.203720679272719030e-01 6.315131120676439336e-01 -5.058560732654795444e-01 7.187198735147465323e-01 -3.455132271617791795e-01 9.547383558296047845e-02 8.129170766588312835e-01
8.272012699944779612e-01 7.701987168949742113e-01 2.806542250671951177e-01 -4.992448694059196668e-01 -1.203952484202117507e-01 -1.741679651846617660e-01 4.451481493971582437e-01 -1.088437971481836852e+00 9.704783332770323678e-01 2.378760532394522120e-01 -5.308407494234308466e-01 -8.831345946612164655e-01
-9.383863972457547886e-01 4.969362985866751514e-02 -4.399336694589069952e-01 -5.574419981953435688e-01 1.623114451457074559e+00 -1.010340919185015007e+00 1.186804630134719263e+00 5.016898028667392540e-01 6.011233774220324788e-01 4.520189531490164114e-01 1.082830578085827611e+00 -9.330590087440851499e-02
-2.396891081225374087e-01 5.964538640659735602e-01 1.586864636690873964e-03 -1.013827013612697447e+00 -5.201885214211576791e-01 -1.620169373767680554e+00 -1.059931480714355168e+00 -5.916174421449906795e-01 -9.788339548568331105e-01 -1.184545149989949309e+00 1.396617696127241126e-01 4.674688443655263259e-01
-2.603127046587682680e-01 1.886726739451995982e+00 -1.131272741281791339e-02 1.900347231108558965e-01 3.484569471005016239e-01 6.380932637682190656e-01 -1.622184470920631227e-01 1.931371186854448307e+00 1.188928537318098000e+00 1.307401059694307754e+00 1.027644241273165671e+00 8.097964512346389476e-01
2.741127904206479560e-01 3.821159344327472729e-01 1.723202299685111072e+00 -4.093158243043754640e-01 -3.233198961627158780e-02 -7.862602644544833819e-01 8.547621542545269513e-01 1.504419484842894228e+00 1.229916957998586691e+00 8.727593148033412351e-01 -1.627075455503772083e+00 8.804155680179215349e-01
-9.322851690497807597e-01 6.205576522762134006e-01 -5.823626512990097703e-01 9.122775367488575871e-01 -7.538805685313814120e-01 -1.103819638975841899e+00 7.257258277029481341e-01 -3.434990011158400858e-02 5.604959942200854472e-01 -2.126613031221889771e-02 1.016996916962922270e+00 1.626665773393739300e+00
-1.528018040900192553e-01 -6.239003899478245962e-01 -9.802082077698229812e-01 -4.385478794455299756e-01 3.058294916029579702e-01 -1.537991529013380321e+00 -2.110150761325277347e-01 2.675931529494074423e-02 -2.009530150996257980e+00 1.529551799452952277e-01 3.918498449167964748e-01 -7.689132606027530015e-01
-1.113363320801007139e-01 -1.809542023220034324e-01 1.472854433282826836e+00 5.265850563993925704e-01 7.202039443192358448e-01 -9.701363386647596926e-03 -7.412403139381090744e-01 -1.040009571498069496e+00 1.866465297256056255e+00 -3.275830958769722634e-01 9.491025268667435677e-01 7.635678843553870276e-01
-3.457033549801863948e-01 -1.485442159034388795e-02 -5.196049750373412657e-01 -1.359645631614080807e+00 1.922303341066703697e-01 4.037642088971948179e-02 1.046873388083054524e+00 4.847237025339039551e-01 2.137123538065650030e-01 1.110970841999965320e+00 4.302297091717646182e-01 1.600450986175948886e-01
1.765056587389390863e-01 -1.454992999838875978e+00 -2.778937055744802320e-01 -1.524583957210439378e+00 4.904188553173743914e-01 -1.549559018556584844e+00 -9.854670638734749355e-01 1.967578512091966436e-02 -1.053161488411266777e+00 -4.632021145622524094e-01 1.155558108674474560e-01 7.600526300504392152e-01
