6.195152184274617113e-01 -1.170829124989388514e+00 -6.016687689583346543e-01 2.858153898472955978e-01 -1.028509171291348556e+00 2.389049269847422496e-01 6.954732950228970090e-01 -5.574778296532484356e-01 4.985377969275184284e-01 -3.743578181303598429e-01 1.284236476336608757e-02 9.156968227756634437e-01
8.805360045922382417e-01 8.011735314801602392e-01 3.261069132287476302e-01 -6.251493700634283002e-01 -5.566639181681805326e-02 -1.741679651846617660e-01 4.451481493971582437e-01 -9.237446893870138176e-01 1.017311846221355065e+00 2.742356792773618657e-01 -6.168406385870186526e-01 -8.831345946612164655e-01
-8.747391875648680148e-01 1.268221525432062791e-01 -4.803922538778341855e-01 -4.616495667414367010e-01 1.578449236986319670e+00 -9.427874469572804506e-01 1.055235261072805963e+00 6.458632861717604756e-01 5.288206296931013961e-01 4.520189531490164114e-01 1.053788161283896629e+00 -4.151281940767654471e-02
-2.561456772360740097e-01 6.746058608384420952e-01 -9.575051160852714183e-02 -9.105900404312444740e-01 -3.353431020741995394e-01 -1.733812363533336898e+00 -9.012361778524170530e-01 -4.116183342456142813e-01 -1.114874939728727643e+00 -1.111747214447327714e+00 9.981391998685595901e-02 4.337485807050719955e-01
-2.085886286024417058e-01 1.890319032938633015e+00 1.064120410867057942e-01 2.533085429737758076e-01 3.484569471005016239e-01 6.839457621559423828e-01 -1.305504139625570936e-01 1.806764553868272616e+00 1.236768839325232960e+00 1.254453818228690398e+00 1.029335990837006998e+00 8.097964512346389476e-01
2.741127904206479560e-01 3.781197030044146645e-01 1.777757701567408422e+00 -4.093158243043754640e-01 6.570708917262536863e-02 -7.862602644544833819e-01 8.547621542545269513e-01 1.368901413019328661e+00 1.279965191572553618e+00 9.623704662990812952e-01 -1.683630194931932333e+00 9.344294465967154517e-01
-9.322851690497807597e-01 6.264096665232986583e-01 -5.647421691891130191e-01 9.570002390555711891e-01 -8.822639867156388815e-01 -9.161222845102385826e-01 7.257258277029481341e-01 1.354376322631975146e-02 5.901755129311356818e-01 1.035691518164134212e-02 1.078591954994162938e+00 1.670566379143968216e+00
-1.427072501014576278e-01 -6.648660299142872265e-01 -8.744938040965752890e-01 -4.320486484084778422e-01 3.300717218359054406e-01 -1.411385766737599745e+00 -2.989158212027548944e-01 2.675931529494074423e-02 -1.866721044169140864e+00 1.529551799452952277e-01 2.718795079197365294e-01 -8.120770330691071681e-01
-6.599794504411865548e-02 -1.809542023220034324e-01 1.468959601990836861e+00 4.648688279473381368e-01 6.283381607736896468e-01 -7.458170866354037198e-02 -6.366094015836486486e-01 -9.214857307856914037e-01 1.965299889498281383e+00 -2.523124545299260113e-01 9.502832369394795808e-01 5.663459843627017820e-01
-3.316168127140937671e-01 -2.452372030662314933e-02 -5.196049750373412657e-01 -1.430269375153655931e+00 2.300831624076173088e-01 3.373696052393584943e-03 1.084121930904187847e+00 4.847237025339039551e-01 2.137123538065650030e-01 1.022131837543053923e+00 5.180069640773157236e-01 1.958693918542954437e-01
1.120225028875417306e-01 -1.553921884517825092e+00 -2.778937055744802320e-01 -1.532533145702361432e+00 5.001947675822404626e-01 -1.527755440298305345e+00 -9.623991718466321510e-01 -1.347064213192659954e-01 -9.930135127833282782e-01 -3.887552188567290345e-01 1.076380791330016073e-01 6.281964948851346264e-01
