1.109545479772219984e-01 -1.189666675818479735e+00 6.624075447047621523e-01 -5.007203969934840293e-01 -1.161671924995629990e+00 -3.870560038404313730e-01 1.142323852796657269e+00 -3.341426347870199431e-03 5.781721300870609204e-01 -4.367522230866530686e-01 -5.774474524178133672e-01 6.042528190289749856e-01
5.353376384619802364e-01 4.705170132378242998e-01 2.572419936601572643e-01 3.050777265486096512e-01 4.109673190882522781e-02 -3.580837240710921243e-01 1.264665095688161378e-01 -5.743606943834508316e-01 7.442375228578174129e-01 2.570295285893689496e-01 -3.293203793228362264e-02 -4.176800822456471773e-01
-2.270946904684234546e-01 9.133717190640654460e-01 -1.451830610835309898e-01 -4.087764823245818024e-01 6.017418916335977030e-01 -2.934955675831496524e-01 6.944049732182255852e-01 1.354338051431775436e-01 -2.060672483897417473e-01 7.197016713903778840e-01 1.700303555202662409e-01 3.926005497437519698e-01
-4.406082963435604127e-01 -4.823141590349570851e-02 -7.324588455107799989e-01 -3.004125230237534860e-01 -3.959038137681052394e-01 -7.960620806233522639e-01 -8.957061511269122089e-01 -5.213812422581745043e-01 -7.662591514588847907e-01 -1.061025210014840403e-01 4.608886455336871357e-01 1.065681577593757590e+00
-9.242988120249781558e-02 1.063367055404979666e+00 -9.349007329114376874e-02 -6.979903783759371372e-01 -5.675493384357884752e-01 8.886221068501365394e-01 2.652108295399719928e-01 1.048238665845087292e+00 1.057642182942615472e+00 2.399548027481149259e-01 4.824331467123789685e-01 1.111107515879134144e+00
6.040083492367390727e-01 4.202748746205257624e-01 1.490865514796907876e+00 -2.268250993604861154e-01 3.963415100038298333e-01 -4.747496448507040889e-03 1.005664465595142554e+00 6.116291796427019145e-01 -1.158658198602103423e-02 -4.078010003233860370e-02 -8.690073827119300098e-01 2.001628740996276301e-01
-9.468590385303969903e-01 7.244312003601076633e-01 -1.983500615037838422e-01 1.106995532138299154e+00 1.292206178057562771e-01 -1.135488696285331889e+00 9.505985595432743240e-01 -2.622248278035531621e-01 7.864918424588560608e-01 -3.497522474956485383e-01 9.420031690080197251e-01 9.957940645048278805e-01
1.363382727234715153e-01 4.716957209452542488e-01 3.332549520263656251e-01 2.561685487835541064e-01 4.508115305677152795e-01 -9.929699777804780192e-01 -3.695085706781671142e-01 -3.433663870241174809e-01 -1.072957236778609769e+00 -8.620139794312713100e-02 5.691547647563032220e-01 -2.654537377162808909e-01
-3.295357763209108559e-02 -4.780826383491876275e-01 1.282743685024269054e+00 7.784757076021452810e-03 5.265926199933600449e-01 1.189575019006837708e-01 5.251401783657013711e-01 -4.311683140468178799e-01 1.249847153456265625e+00 -1.132656633998647688e-01 6.138575899083886789e-01 -2.758272219665388048e-01
5.152498921744123050e-01 -4.199508289950456552e-01 -9.044346010884958265e-01 -1.371088690118675402e+00 3.571155306776890304e-01 -1.024181000811663911e-01 9.081658059116579640e-01 3.911846585012435096e-01 1.062552210021723287e-01 3.298939448953371878e-01 7.235813824413442896e-01 5.490598665955613855e-01
7.224091445964276881e-01 -9.398628186202028223e-01 -3.466766374144448215e-01 -4.502153892992156181e-01 4.552998930306243475e-01 -2.574255724710734494e-01 -2.088608357817011985e-01 -5.256944861323016305e-01 -4.531998861313403237e-01 -7.320369672090570878e-01 2.058964028162182935e-01 4.895104680592491930e-01
