6.270957451995368137e-02 -1.245443325947340973e+00 6.624075447047621523e-01 -5.007203969934840293e-01 -1.161671924995629990e+00 -3.870560038404313730e-01 1.196755986534135063e+00 -7.011799390558684508e-02 4.319680429858218096e-01 -5.031936639521742416e-01 -6.069960691418574417e-01 6.042528190289749856e-01
5.318956910657304249e-01 4.155134437103588096e-01 2.814963475292417971e-01 3.050777265486096512e-01 -1.913615410503460845e-02 -3.601563756279989592e-01 6.760005492682091832e-02 -5.478046908895994882e-01 7.442375228578174129e-01 2.328734102037782749e-01 -1.530684570746862483e-02 -3.779417259379815319e-01
-1.890127301310284280e-01 8.993813625543787271e-01 -1.264266476913674941e-01 -3.645251299744709517e-01 7.141343763010170598e-01 -3.477287367592596379e-01 6.652660797909630830e-01 1.354338051431775436e-01 -1.084461300625728375e-01 7.926980243794802261e-01 2.113374923304747188e-01 2.917792448471157041e-01
-4.436823794312764191e-01 -6.864063055955216264e-02 -5.530456879831791017e-01 -2.239331844867230026e-01 -3.231959691877342444e-01 -7.960620806233522639e-01 -8.957061511269122089e-01 -6.043525642371990747e-01 -7.662591514588847907e-01 -6.538443743134289554e-02 5.487981811796284193e-01 1.075085150627046682e+00
-6.958841352083053322e-02 1.063367055404979666e+00 -4.678409263748115055e-03 -6.504417209771280461e-01 -4.533806562637547888e-01 8.886221068501365394e-01 2.652108295399719928e-01 1.048238665845087292e+00 1.043441300616608336e+00 2.399548027481149259e-01 5.371648946378491107e-01 1.126096736743634974e+00
5.820780162384896483e-01 4.820837154290966708e-01 1.443460900473121589e+00 -2.268250993604861154e-01 3.581948867328625385e-01 -6.451871696898495157e-02 1.018149326669529176e+00 6.143334729242128089e-01 -5.278654185139536326e-03 2.944325796212537982e-03 -8.690073827119300098e-01 2.624472879593664487e-01
-8.891035437086727278e-01 7.244312003601076633e-01 -1.983500615037838422e-01 1.106995532138299154e+00 2.004885553855272062e-01 -1.111977104322946719e+00 8.907549891888372207e-01 -3.148806692965516185e-01 7.332081079912725619e-01 -3.646705380636966476e-01 8.836151941963897860e-01 9.582031211316791586e-01
1.363382727234715153e-01 6.628402461355272779e-01 2.153611906356089067e-01 2.466405798276712913e-01 4.508115305677152795e-01 -9.929699777804780192e-01 -4.514349355335735559e-01 -3.891250600435919305e-01 -1.015736387768512161e+00 8.330477436879851066e-03 5.382006711641190710e-01 -3.751575499851640960e-01
-5.858278633366235943e-03 -6.185631633894637105e-01 1.268316279356733078e+00 3.531853306045033142e-02 5.265926199933600449e-01 1.641699395423345531e-01 5.665790134397662436e-01 -4.872789428740303963e-01 1.170035223298869775e+00 -1.484494263935461356e-01 6.746263419104606696e-01 -3.027366378207841380e-01
5.152498921744123050e-01 -4.049593760615737281e-01 -9.143724878841894554e-01 -1.439149236954666122e+00 5.109325221112275273e-01 -1.024181000811663911e-01 7.633312767281524858e-01 3.867983699635359485e-01 1.062552210021723287e-01 3.699841335262424868e-01 6.995270127233205182e-01 5.490598665955613855e-01
8.149075181215299502e-01 -9.398628186202028223e-01 -3.978831028219302901e-01 -5.764768363983816535e-01 4.552998930306243475e-01 -2.912276881517052440e-01 -1.213803088677352926e-01 -5.932887776865330975e-01 -6.089596406459929501e-01 -8.054502723164320699e-01 1.922859378052387824e-01 5.635252902481112658e-01
