2.866207366367729686e-02 -1.235285466886219874e+00 6.624075447047621523e-01 -5.007203969934840293e-01 -1.161671924995629990e+00 -3.870560038404313730e-01 1.142323852796657269e+00 -3.341426347870199431e-03 5.781721300870609204e-01 -5.031936639521742416e-01 -5.053558941669157312e-01 6.042528190289749856e-01
6.009054256683343809e-01 4.155134437103588096e-01 2.572419936601572643e-01 3.050777265486096512e-01 4.109673190882522781e-02 -3.580837240710921243e-01 6.760005492682091832e-02 -5.743606943834508316e-01 7.442375228578174129e-01 2.328734102037782749e-01 -3.293203793228362264e-02 -4.176800822456471773e-01
-2.270946904684234546e-01 1.043222011279374417e+00 -1.451830610835309898e-01 -3.645251299744709517e-01 6.261280497672565559e-01 -2.867981431826623906e-01 7.083759405097204143e-01 1.354338051431775436e-01 -1.940069143436768950e-01 6.421136092753553237e-01 2.113374923304747188e-01 3.926005497437519698e-01
-4.406082963435604127e-01 -4.823141590349570851e-02 -7.136041294082180464e-01 -1.952604073617529024e-01 -3.959038137681052394e-01 -7.960620806233522639e-01 -8.092717616161347882e-01 -5.213812422581745043e-01 -7.662591514588847907e-01 -6.538443743134289554e-02 4.548946635314473075e-01 1.065681577593757590e+00
-9.242988120249781558e-02 1.128433592815196729e+00 -9.349007329114376874e-02 -7.678228810441474206e-01 -4.793131310776910237e-01 8.886221068501365394e-01 2.652108295399719928e-01 1.047141063659922766e+00 1.002616800277196463e+00 2.399548027481149259e-01 4.118271650755059854e-01 1.111107515879134144e+00
5.820780162384896483e-01 4.202748746205257624e-01 1.490865514796907876e+00 -2.268250993604861154e-01 4.357918547676122856e-01 7.493467203716550062e-02 1.005664465595142554e+00 6.952307628693638053e-01 -5.278654185139536326e-03 -4.078010003233860370e-02 -9.041620314034217731e-01 2.001628740996276301e-01
-8.062077054667933229e-01 7.244312003601076633e-01 -1.983500615037838422e-01 1.106995532138299154e+00 2.004885553855272062e-01 -1.128312311217242181e+00 8.907549891888372207e-01 -2.622248278035531621e-01 6.957518807582105946e-01 -4.320904440923432621e-01 8.936272353473275754e-01 9.500514433065171405e-01
2.308718965281234270e-01 4.716957209452542488e-01 2.838966144055041219e-01 2.466405798276712913e-01 4.508115305677152795e-01 -9.865457129450873053e-01 -3.695085706781671142e-01 -2.733698769690160457e-01 -1.015736387768512161e+00 8.330477436879851066e-03 6.342211091425031810e-01 -2.654537377162808909e-01
-3.295357763209108559e-02 -4.693366952803467718e-01 1.314623473201366632e+00 3.531853306045033142e-02 5.265926199933600449e-01 1.418810137130097349e-01 5.274786687775778748e-01 -4.311683140468178799e-01 1.249847153456265625e+00 -1.132656633998647688e-01 6.746263419104606696e-01 -2.758272219665388048e-01
5.152498921744123050e-01 -4.199508289950456552e-01 -9.044346010884958265e-01 -1.439149236954666122e+00 3.571155306776890304e-01 -1.024181000811663911e-01 9.081658059116579640e-01 3.911846585012435096e-01 1.062552210021723287e-01 3.697297779941855489e-01 7.235813824413442896e-01 5.490598665955613855e-01
7.224091445964276881e-01 -9.398628186202028223e-01 -3.978831028219302901e-01 -4.502153892992156181e-01 3.575451805510011516e-01 -2.753016144637381313e-01 -2.088608357817011985e-01 -5.932887776865330975e-01 -4.531998861313403237e-01 -6.935966252427213652e-01 1.943790310750470041e-01 4.768768464649718042e-01
