8.737747610892725170e-02 -1.267283393608168440e+00 6.895143616655284857e-01 -5.367621443098948841e-01 -1.147367433167693074e+00 -3.722528549907754281e-01 1.130105253642405216e+00 -1.267583766435129156e-01 3.733302502845716742e-01 -7.294530642577896629e-01 -5.264978240298877621e-01 6.042528190289749856e-01
5.594030030648738938e-01 4.155134437103588096e-01 1.576395962964437514e-01 3.050777265486096512e-01 -5.375786799427021562e-02 -4.106618655249704708e-01 6.760005492682091832e-02 -5.519201018517194690e-01 7.442375228578174129e-01 9.343212841797425561e-02 -2.676241822346918375e-02 -3.380866679760142213e-01
-2.747170840244952950e-01 7.999803991860309216e-01 -1.451830610835309898e-01 -4.473354810227601619e-01 7.235712649299788080e-01 -3.731613721159307562e-01 6.533393130970541751e-01 1.354338051431775436e-01 -1.940069143436768950e-01 7.197016713903778840e-01 2.859307770210076094e-01 3.917313767580639650e-01
-4.187369269364434876e-01 -6.864063055955216264e-02 -6.242109977713103941e-01 -2.722186604778903951e-01 -3.231959691877342444e-01 -7.664234634701929672e-01 -8.957061511269122089e-01 -6.043525642371990747e-01 -7.662591514588847907e-01 -3.308986830424417991e-02 4.688772326083880948e-01 9.860496809027048393e-01
-1.277137637271851256e-01 1.063367055404979666e+00 -6.284105027555209055e-02 -6.733178171603660944e-01 -4.901486712735556583e-01 9.422941492716097045e-01 2.452320575287306181e-01 1.188993529756606993e+00 9.748317206499137466e-01 1.455334732185217250e-01 3.796664425119342656e-01 1.134060777151885802e+00
6.146587214137667621e-01 4.202748746205257624e-01 1.490865514796907876e+00 -1.651747779065854682e-01 2.106980176727468457e-01 -6.451871696898495157e-02 1.108367452324111602e+00 5.736812328876172984e-01 -8.915928028216657530e-02 -9.519853725698945723e-02 -8.690073827119300098e-01 2.874464196690640350e-01
-9.720529298381674899e-01 7.080602055782853066e-01 -1.266543530908548210e-01 1.106995532138299154e+00 2.152827886239755684e-01 -1.130246349202830514e+00 8.578496309905987438e-01 -3.148806692965516185e-01 7.151187769367186586e-01 -3.229061281885282075e-01 9.147451465034187601e-01 8.894404152945234454e-01
1.363382727234715153e-01 6.270222534781463297e-01 2.773739347666298038e-01 3.196879881667999967e-01 4.508115305677152795e-01 -9.997052623599155252e-01 -4.209629150576181811e-01 -2.702758607616442821e-01 -1.057450721518491843e+00 -1.345489528804595658e-03 5.087708271637826352e-01 -3.902679084924940978e-01
-1.438392046527848245e-01 -6.185631633894637105e-01 1.367110164041078990e+00 4.289442774748836174e-02 5.942279268313864771e-01 2.949663060414984272e-01 4.782464003692498133e-01 -6.616922059768036712e-01 1.246551679514531719e+00 -2.027726807242788420e-01 6.746263419104606696e-01 -2.633948138471721712e-01
4.166376960388575856e-01 -4.242560362718527656e-01 -9.044346010884958265e-01 -1.404851028671051161e+00 4.419478882913546736e-01 -1.024181000811663911e-01 8.507505932696800555e-01 3.817381012269477347e-01 2.549034750907739344e-01 3.385736659322926556e-01 7.771190745111664633e-01 6.190589241967978662e-01
7.717481638003619304e-01 -8.794174394602142231e-01 -3.429924161343347322e-01 -3.814994627931658222e-01 5.213977355341472553e-01 -2.753016144637381313e-01 -2.088608357817011985e-01 -5.832196711216918183e-01 -4.351431826135643832e-01 -8.114363531260483375e-01 3.598829031757543317e-01 5.657993598527966128e-01
