2.649425959510581796e-01 -1.332187208964748404e+00 5.502369378185006932e-01 -3.419299677830441864e-01 -1.236692524586276987e+00 -1.464024401378391238e-01 1.298918290369869277e+00 -1.471600990829727007e-01 3.890706392459234442e-01 -5.308424120438357541e-01 -6.357677040973689353e-01 5.319412283506942396e-01
7.127387566900824645e-01 5.101001152122155435e-01 2.361309336107220991e-01 3.436050184404895180e-01 1.363266214714596303e-01 -3.750196911850253167e-01 -1.037235229033163092e-01 -5.763131598963918689e-01 8.011653257891038216e-01 1.335646263295913183e-01 4.875177481765558679e-02 -3.447625104668209928e-01
-1.613558121062554640e-01 1.051829521158623271e+00 -2.257536586365101738e-01 -5.080032436118945283e-01 6.558591110571462268e-01 -3.495550233534370776e-01 7.747006875801341064e-01 7.555534786763545840e-05 -2.327926768261549539e-01 5.497149473337356040e-01 4.209782349380249977e-01 5.279307255182708047e-01
-2.899768419475874381e-01 -1.255285004644595137e-01 -5.296761259372140263e-01 -2.353836302561411464e-01 -3.154575328197349315e-01 -6.484124136425667428e-01 -8.492026624977841998e-01 -5.992612446585320329e-01 -8.602791547963685170e-01 2.525414436682086455e-02 6.807980829817164015e-01 9.634405859397122684e-01
-5.121129667770937116e-02 9.323184277596792136e-01 1.363549988355734766e-01 -6.880840175854021634e-01 -6.160597886259112643e-01 7.951121049766400883e-01 8.762707077573800296e-02 1.005621339018138105e+00 1.059869602560356006e+00 3.009207600320952247e-01 3.718884011364494979e-01 1.173533210294034568e+00
4.807342762538351355e-01 5.598896548059544287e-01 1.275135818782837216e+00 -2.827783120201582956e-01 4.685887072854627577e-01 2.409851803415066773e-02 8.715975640179347561e-01 6.918282710645701217e-01 -4.133790210811717075e-02 -1.917869719932636385e-01 -8.804101183249837259e-01 4.078006180466665076e-01
-1.018550133514136924e+00 5.552824864958360029e-01 -3.277653640261622980e-01 1.126304644041884906e+00 3.126104194507531853e-01 -9.900095670822968152e-01 7.617750557238649467e-01 -4.807580755616190360e-01 9.809364016221242544e-01 -3.671746567865333821e-01 7.820641759498387913e-01 8.761343466830756599e-01
2.276192589434327118e-01 3.391840573451508911e-01 3.038921100853653745e-01 3.306892565633810510e-01 4.077818255061055885e-01 -1.137531190071646714e+00 -3.988437109827098204e-01 -3.196156399588041541e-01 -7.015245086557831966e-01 -8.811434606127538371e-02 5.458128225879083084e-01 -1.633817000901627570e-01
-6.817407938621669605e-02 -7.040109269140568671e-01 1.252469218770263737e+00 4.900796683689288141e-02 5.934985210384562393e-01 3.443762349027135183e-01 5.101307784989519423e-01 -5.459856527853637065e-01 1.219015480305751797e+00 -1.041903229017928367e-01 5.847830662521176226e-01 -3.887083519332980575e-01
3.729557807318565898e-01 -3.256347900073320312e-01 -9.011644105282301531e-01 -1.346824789556757551e+00 5.230843121784830574e-01 -2.963776899497413964e-01 8.331819485002828207e-01 4.875996840262472598e-01 9.632492935324349359e-02 9.484039618230545587e-02 6.696780580662630156e-01 8.543816812502311731e-01
6.356505236806867520e-01 -7.004022767557487317e-01 -2.106915038071837110e-01 -3.010182487790151740e-01 4.867826155901107676e-01 -5.047129074675233973e-01 -1.402181179112533260e-01 -3.863239832575391386e-01 -4.330902378742008674e-01 -7.341507335330205164e-01 1.813106438983109747e-01 4.033521261513149936e-01
