5.776187464323518928e-01 -9.932975291866291689e-01 2.444675116420708672e-01 -1.792974280872381976e-01 -1.322865454079219516e+00 -2.313147306685728044e-01 9.140002310381610817e-01 -1.118571521295332744e-01 6.671085847052246054e-01 -8.953991339162484797e-01 -7.705168607906685008e-01 4.647383965537750239e-01
8.505075944068473115e-01 1.057302015439369747e+00 -2.710252603489689965e-02 -2.050692246544051911e-01 -1.211013388687360026e-01 -1.536660782471159226e-01 1.147765831351800769e-01 -6.257614979442276404e-01 4.470760806185206659e-01 4.183019405551437891e-02 -4.462062301039776413e-01 -4.266817912758358866e-01
-8.868071199332437926e-01 3.017366118526985108e-01 9.684180351089899386e-02 -1.618197124325329583e-03 1.054982997326919136e+00 -3.545885317949680482e-02 8.659762704088190821e-01 7.993304327468968296e-02 -2.817842806338358153e-01 3.535992457213881224e-01 2.783609081287128362e-01 2.864075969251473897e-01
-3.306636709776543115e-01 2.184922199679611154e-01 2.713983662722625756e-02 -3.817925441087215432e-01 -8.675187850425675196e-01 -1.258633491788807124e+00 -6.827676706454255395e-01 -5.952222298367966236e-01 -8.081346458859323123e-01 -5.376642615637754474e-01 3.510827604008108782e-01 8.210848279036341291e-01
-2.729370213626515218e-01 1.581794978206020330e+00 3.148685528405722467e-01 -3.596404548419528391e-01 -1.038245519556943441e-01 9.019702473630863970e-01 1.250898611607295652e-01 1.319926573418587434e+00 7.191585087093609330e-01 2.998650032365288709e-01 3.849797140757856839e-01 1.038790829739452359e+00
-8.663929879193064953e-02 2.460829107327632825e-01 1.958012927256699287e+00 2.840986641457762113e-02 1.119846896814691434e-01 -5.012400452346092994e-01 4.972427182048760330e-01 1.131402796825650814e+00 5.859287808504625161e-01 3.104812089179266876e-01 -1.459638059085912154e+00 5.447452328507430552e-01
-9.278235239608388918e-01 7.286871175779880971e-01 -3.522615015344891520e-01 8.444930927843439239e-01 -1.894976661880422020e-01 -7.390586572320811953e-01 1.185214512645941909e+00 9.638175536244905639e-02 1.148719736568103666e+00 2.896465292015351078e-01 1.365525012276955774e+00 1.275525971339370956e+00
-2.947533505714791113e-01 1.265676051087293030e-01 -2.615370010346984575e-01 2.890670297715848547e-02 1.083530970015027073e+00 -1.093989835044647085e+00 -3.151521984300706958e-01 -2.403831129782091347e-01 -8.338389412519099375e-01 -2.161751538831008235e-01 4.493084926243655630e-01 -2.469534786049303876e-01
1.011918884602786839e-01 -3.009916213838658150e-01 1.272314535667350421e+00 5.868172063407434136e-01 3.971424174625610148e-01 1.918553366665440574e-01 -1.933673959228070782e-01 -1.532715489454675950e+00 1.943751175599689240e+00 -1.811537011408964615e-01 8.442690469980318468e-01 1.784041954579291822e-01
2.183820746661709333e-01 -2.343538941888475835e-01 -8.686006385134616981e-01 -7.878469996072793302e-01 4.816913119776260466e-01 1.942348141901940606e-01 1.103455082068985904e+00 1.652091103550181461e-01 5.278526529735841910e-01 1.036184033315566966e+00 4.422951024476752258e-01 -3.119087363927653955e-01
4.361225997439480140e-01 -1.285516155710412889e+00 -3.250244345717034911e-01 -6.122100180949885395e-01 6.299283440740368611e-01 -5.225610644030109775e-01 -7.675549295207919620e-01 -1.304148580904127552e-01 -7.020008385187145317e-01 -5.130744708292127587e-01 -1.603834499663985835e-01 6.259167084876973153e-01
