6.592210214794330669e-01 -8.498001022567182039e-01 3.102647684058943978e-01 1.812143105613452376e-01 -1.437767032396335187e+00 -3.223518861386566736e-01 1.036032571401791724e+00 -8.186633941703677642e-02 7.831439689704418061e-01 -8.624699735178629201e-01 -9.178513598556056197e-01 4.904280722118766755e-01
9.422646824790511522e-01 1.074455939804899174e+00 5.111272332874459978e-02 -3.489231241779557069e-03 1.266271498870208401e-02 1.767304884266899523e-01 9.586933472615781493e-02 -7.809635164786835615e-01 5.625384865492367714e-01 -9.746060984309304343e-02 -3.649728341019637390e-01 -6.163190887725684686e-01
-7.189424202170959788e-01 5.589322129972634778e-01 -6.436272388116018317e-02 -3.265966250928280246e-02 9.890708649782077311e-01 1.220991660147291574e-01 7.200675613357290228e-01 1.717368630590062062e-01 -3.235514985216866868e-01 4.527546236933551738e-01 3.744068606046211389e-01 2.195645256624248198e-01
-3.889102069232912573e-01 1.525686365285390256e-01 2.174706077899290491e-01 -4.356849140189987257e-01 -1.045589186441711727e+00 -1.199801531572244784e+00 -6.084601808280039048e-01 -6.600444446061590753e-01 -7.894911546707060745e-01 -7.314493530406969146e-01 1.452851985326714390e-01 8.941263977717398559e-01
-2.092302276388383619e-01 1.682215659741274516e+00 2.322418463488369611e-01 -4.341944470365785014e-01 -1.652690966090310798e-01 8.214319743391691464e-01 1.729337373403522227e-01 1.398599291417671253e+00 7.418012252931243111e-01 2.629932805783458116e-01 3.993354384483777664e-01 1.150335788662695924e+00
-6.913590807587569054e-02 3.773776973368611065e-01 1.828252875631610097e+00 8.325745041997667517e-02 1.688046016717433262e-01 -4.238041433807053782e-01 5.988092408934680977e-01 1.177012179259132152e+00 4.266385137309130493e-01 2.336712926128035051e-01 -1.235070822479559460e+00 6.942336765952790145e-01
-9.709681756308663481e-01 6.281914824468457503e-01 -5.273661499729460633e-01 1.196878827859661376e+00 1.064578476498314608e-01 -5.015310663735385033e-01 1.258973167523764980e+00 2.921802311106986294e-01 1.387517170598455474e+00 2.567066311674955359e-01 1.258718182705057753e+00 1.292729814222218332e+00
-3.930746524623763838e-01 2.783994717181932643e-02 -2.311043173818812524e-01 5.070294990334046209e-02 9.958372341363734837e-01 -8.687937866068347059e-01 -2.155078938784170672e-01 -1.156644493203501933e-01 -8.022844048532000727e-01 1.933641273828683518e-02 3.751379100117666066e-01 -4.321902840939286783e-01
2.687086801427120974e-01 -4.076780734368612991e-01 1.361891689040957809e+00 7.383329360785518825e-01 2.440000254636607857e-01 4.408224850056112754e-01 -1.901623222469242536e-03 -1.469749341401330733e+00 1.777995688657149298e+00 -3.519676191139016197e-01 8.509898131976112445e-01 5.104049394658190936e-03
2.571656277396327517e-01 -1.937639382770189878e-01 -1.138551052968963750e+00 -1.142355315199885535e+00 4.133242927479773843e-01 1.357140174261619314e-01 1.003591082074327900e+00 3.168219204534225009e-01 4.396701271091053020e-01 9.605585069422658551e-01 5.463694736720058343e-01 -4.348135279943797227e-01
2.625370766045860282e-01 -1.328826436589839233e+00 -2.135698827165954661e-01 -7.436272238880003993e-01 6.944540119758955132e-01 -4.679779505657812866e-01 -6.729236747145285191e-01 -8.757419743026101377e-03 -5.777293299513051039e-01 -5.593569314399858827e-01 -1.345265861962182397e-01 4.265875328436028457e-01
