6.997793760392240214e-01 -1.064600087792158201e+00 2.861775783713430554e-01 3.159051448715353289e-02 -1.407671791242153470e+00 -3.252336225475924159e-01 1.186673156006437413e+00 -3.368485487679231949e-02 6.671085847052246054e-01 -9.796084765924339965e-01 -7.656900495757300584e-01 4.901432638535290209e-01
7.459146391487131433e-01 1.058162500163572162e+00 1.017439954453062817e-01 3.763993347724953198e-02 -8.667322055900930633e-02 -8.939869765394591050e-02 1.450029745853536611e-01 -7.074275391531432700e-01 5.281867160088453694e-01 -3.126661646158571117e-02 -5.435976703959704004e-01 -5.237989460496833560e-01
-9.729766400878163690e-01 4.392959558705630818e-01 -9.304056199896727775e-02 -8.102138852219113729e-02 1.052661812892999427e+00 1.890140873504077279e-02 9.331038269060092372e-01 4.696452133080507296e-02 -2.433386526810071282e-01 3.535992457213881224e-01 2.779890240178745087e-01 2.480553585223200241e-01
-4.244256210434598775e-01 3.217175844084063652e-01 -1.063655601913439108e-01 -5.310500159398843234e-01 -8.054527486037320605e-01 -1.184677225652377652e+00 -6.827676706454255395e-01 -4.927537447489497291e-01 -6.955396077484407025e-01 -7.179483698932691560e-01 2.240957412683264038e-01 7.552123778510645424e-01
-2.393629975142584909e-01 1.635731615808549089e+00 2.239908891555684456e-01 -3.801739248785069858e-01 -2.022203163274660653e-02 8.819295263189522727e-01 1.138662056993029886e-01 1.436315025470494389e+00 7.130579682801945207e-01 2.614639758836700412e-01 2.678156898845268641e-01 1.079789128140860921e+00
-7.922216121723958671e-02 2.418580702684673400e-01 1.793732095727877285e+00 1.082421113878677815e-01 2.556089073356675456e-01 -4.299565287777064038e-01 6.800374455878581692e-01 1.339092579402546779e+00 5.098171224036853744e-01 3.376454478034252582e-01 -1.386679559034524001e+00 6.085390366378176097e-01
-9.657380726476266775e-01 6.584306723149764284e-01 -3.522615015344891520e-01 9.437662706790513889e-01 -1.520826716176552906e-01 -7.250853702770106990e-01 1.153087881482077748e+00 2.938486079039236837e-02 1.156520698001830105e+00 3.027245117292571841e-01 1.375875504307601638e+00 1.242943485590651154e+00
-3.023947894521433200e-01 9.705287051012558008e-02 -3.264709658137827097e-01 1.410851149132166249e-01 1.083530970015027073e+00 -1.020610782528175609e+00 -3.151521984300706958e-01 -2.254331152891956846e-01 -8.286883563338860448e-01 -7.612377237256816309e-02 4.090168165167532011e-01 -3.187502483082458316e-01
2.013405703446052297e-01 -4.326920572256359732e-01 1.287167262445748861e+00 5.796482633751562918e-01 3.971424174625610148e-01 -1.736488247076783953e-03 4.121195325433639478e-02 -1.491388531929780603e+00 1.989581881034026445e+00 -8.685236084353410713e-02 8.091678510688872228e-01 1.784041954579291822e-01
2.827315653398992934e-01 -2.027012765813139272e-01 -8.612910276798729781e-01 -9.276762834841510985e-01 4.816913119776260466e-01 1.646313251157860980e-01 1.086362129945501298e+00 1.245727238794700348e-01 3.948058621034808979e-01 1.020991981189682374e+00 6.430241064885469093e-01 -4.970718638754553775e-01
4.995619428573978005e-01 -1.298321158460527869e+00 -4.192449720363064514e-01 -5.921904844301870696e-01 6.280780445888263230e-01 -5.754536659445802504e-01 -7.344138524253790434e-01 -2.676640206957684454e-01 -7.083618301174037235e-01 -5.130744708292127587e-01 -2.058836741086096933e-01 7.017147819129183617e-01
