5.753352047020385829e-01 -1.089384457180657906e+00 2.444675116420708672e-01 -1.792974280872381976e-01 -1.373301295435812586e+00 -2.313147306685728044e-01 9.140002310381610817e-01 -1.118571521295332744e-01 5.912041556976286305e-01 -8.953991339162484797e-01 -7.705168607906685008e-01 4.894333689422294964e-01
8.505075944068473115e-01 1.057302015439369747e+00 4.334498267771499241e-02 -1.992313145896800752e-01 -1.516451816547064180e-01 -1.536660782471159226e-01 1.736834683797013890e-01 -6.257614979442276404e-01 4.470760806185206659e-01 1.212750099681750571e-01 -4.462062301039776413e-01 -4.266817912758358866e-01
-8.868071199332437926e-01 4.737599315741551353e-01 9.684180351089899386e-02 -1.618197124325329583e-03 1.054982997326919136e+00 -1.952139813010705938e-03 8.659762704088190821e-01 7.993304327468968296e-02 -2.817842806338358153e-01 4.327710697183098087e-01 3.376802611768261464e-01 2.864075969251473897e-01
-3.306636709776543115e-01 2.184922199679611154e-01 -5.776377338457705513e-03 -3.817925441087215432e-01 -8.675187850425675196e-01 -1.354324105541978129e+00 -6.827676706454255395e-01 -6.785332211657597590e-01 -8.081346458859323123e-01 -5.844401505544956077e-01 3.510827604008108782e-01 8.210848279036341291e-01
-2.729370213626515218e-01 1.581794978206020330e+00 3.148685528405722467e-01 -3.596404548419528391e-01 -1.038245519556943441e-01 9.019702473630863970e-01 1.250898611607295652e-01 1.319926573418587434e+00 7.191585087093609330e-01 2.998650032365288709e-01 3.849797140757856839e-01 1.038790829739452359e+00
-4.962963219632109124e-02 3.041580776362120542e-01 2.044163515727923652e+00 1.217542883556585187e-01 1.119846896814691434e-01 -5.012400452346092994e-01 4.972427182048760330e-01 1.131402796825650814e+00 5.859287808504625161e-01 3.104812089179266876e-01 -1.459638059085912154e+00 5.447452328507430552e-01
-1.012691090954635387e+00 6.412303339775610178e-01 -3.522615015344891520e-01 9.443542448467853179e-01 -1.894976661880422020e-01 -6.606550605806442711e-01 1.185214512645941909e+00 9.638175536244905639e-02 1.148719736568103666e+00 2.896465292015351078e-01 1.273948617440115116e+00 1.275525971339370956e+00
-3.369759281427733844e-01 1.265676051087293030e-01 -2.615370010346984575e-01 2.890670297715848547e-02 1.083530970015027073e+00 -1.093989835044647085e+00 -3.151521984300706958e-01 -2.403831129782091347e-01 -8.338389412519099375e-01 -2.161751538831008235e-01 4.493084926243655630e-01 -2.469534786049303876e-01
1.011918884602786839e-01 -3.009916213838658150e-01 1.272314535667350421e+00 5.169347442145733051e-01 3.796178528551355513e-01 2.879400504612804612e-01 -1.249801334470554554e-01 -1.532715489454675950e+00 1.992569736308229089e+00 -1.811537011408964615e-01 7.493323393604462979e-01 2.058538951077747980e-01
2.845990080131395872e-01 -2.343538941888475835e-01 -9.210759620982612583e-01 -7.878469996072793302e-01 4.816913119776260466e-01 1.955189708267975335e-01 1.103455082068985904e+00 1.652091103550181461e-01 4.804733084954169176e-01 8.668086565957027201e-01 5.013619162718873090e-01 -3.119087363927653955e-01
4.361225997439480140e-01 -1.285516155710412889e+00 -3.250244345717034911e-01 -6.122100180949885395e-01 6.299283440740368611e-01 -4.754774496877265944e-01 -7.675549295207919620e-01 -1.304148580904127552e-01 -7.363648142205760916e-01 -4.573863299231963331e-01 -2.556641608924102305e-01 6.741770491274974297e-01
