9.379430839985946067e-01 -9.455804757909038738e-01 2.551969758737137051e-01 1.840622796250528936e-01 -1.443706197297743854e+00 -3.732614472527455707e-01 1.028302617881095893e+00 3.196991071792384953e-02 8.087309385884149382e-01 -8.780903447094642322e-01 -9.442121324880569100e-01 3.758594049162077289e-01
8.736047156357862331e-01 1.013937063306639796e+00 2.259212139410402553e-01 -1.086719596651514602e-01 2.419858878115907497e-02 3.267723280871023817e-01 1.086745000551277568e-01 -8.089251898905515104e-01 5.382188265291664164e-01 -5.096999380719072215e-02 -4.517230147663924833e-01 -6.163190887725684686e-01
-6.504371068076155726e-01 5.229715591163175414e-01 -6.436272388116018317e-02 -5.005633450521997790e-02 1.105870258621437729e+00 4.365306296749339732e-02 7.377544219095156786e-01 4.200796907610236941e-01 -3.566785485090213093e-01 2.520839006431305762e-01 3.389685868398548685e-01 2.298257983753820843e-01
-3.394584655040498444e-01 5.629476502472996469e-02 2.350130104386045915e-02 -4.356849140189987257e-01 -1.021358733722651291e+00 -1.120792024252934560e+00 -5.939100039644419349e-01 -6.403334760950392113e-01 -7.978792438490288630e-01 -8.478343589450063611e-01 1.680501292184389539e-01 8.326598753498380967e-01
-1.794387281660644873e-01 1.599309981412194048e+00 3.394473843946725355e-01 -4.133553259842239758e-01 -2.438856407161717754e-01 9.107206345096063860e-01 3.325885800792873770e-01 1.275109107771308148e+00 7.652975447249956709e-01 2.084694628785403736e-01 4.845343457106054963e-01 1.209966046759523017e+00
-1.200472273238062382e-01 2.571786518756332685e-01 1.791838205883905744e+00 8.325745041997667517e-02 1.465231209911441179e-01 -3.970748127603573874e-01 5.458831079176668100e-01 1.132829550258350970e+00 4.352592545067510699e-01 3.683676714285006315e-01 -1.261702744735812232e+00 6.630692171052863237e-01
-9.709681756308663481e-01 5.970769468696200954e-01 -5.492994192445824764e-01 1.302579281897589869e+00 -3.078634925362158659e-03 -4.513658643830936734e-01 1.252303471969847815e+00 1.853979316015738621e-01 1.336750356179113419e+00 3.087902625513153088e-01 1.250076765039252802e+00 1.280942450905738550e+00
-4.198824308122258153e-01 1.186164147701149196e-01 -3.168355969581758691e-01 1.380029849627200933e-01 8.969016696187993576e-01 -7.888455070633184629e-01 -2.184479777875041051e-01 -1.156644493203501933e-01 -7.699896537078476655e-01 3.446370120992205827e-02 5.358537205115649904e-01 -3.911871074667078174e-01
2.342609319724240358e-01 -4.766288017892423845e-01 1.363859773262293018e+00 7.792549217561615116e-01 3.883548120122867764e-01 3.359310851682459353e-01 -1.655506196555875942e-01 -1.593727214112240942e+00 1.756529395533678040e+00 -3.519676191139016197e-01 8.509898131976112445e-01 -3.246277055596444305e-02
3.548676160402899904e-01 -2.511185643555460811e-01 -1.077974416558465931e+00 -1.186545778920938599e+00 4.430812594075267397e-01 6.555032393615094211e-02 1.003591082074327900e+00 2.030101370243181935e-01 3.550754411369566599e-01 7.695220502698368881e-01 5.608690502058425453e-01 -4.348135279943797227e-01
3.253766037619572615e-01 -1.272635859084596310e+00 -1.633523829998189125e-01 -6.836253928696863769e-01 6.675715265225824480e-01 -5.471075732149542903e-01 -6.729236747145285191e-01 -1.696612476538366110e-01 -7.582921327042033699e-01 -5.217573689043329965e-01 -1.345265861962182397e-01 4.265875328436028457e-01
