8.197204694365127775e-01 -1.060465448707435421e+00 -1.010106121330442142e-01 -2.728241163216976184e-01 -1.371586001619106376e+00 1.652929797672726686e-02 9.470143878546721794e-01 -1.354638229695125651e-01 4.449716081489903940e-01 -4.928294377533681825e-01 -3.387006849777003392e-01 5.769928702573767776e-01
8.350943307486110578e-01 8.340691216690934162e-01 -2.067664037844881009e-02 -6.160965615349974778e-01 -1.622571579073672221e-01 -2.488815644150773054e-01 3.118857970056471141e-01 -8.277930794792923708e-01 6.732506081204773229e-01 -1.744705051864124390e-01 -4.645386662579450987e-01 -9.790979380838821244e-01
-9.854880112764149436e-01 5.488161257893850453e-03 -1.239604140491194911e-01 -1.152999970067829089e-01 1.167650361070577514e+00 -6.641809769748450165e-01 7.017194249680853702e-01 6.217136562790996912e-01 -1.355171655317938539e-01 7.455722780159520502e-01 8.297785595538788028e-01 7.151731594756138843e-02
-3.249246941257112331e-01 4.456884386817838162e-01 -1.511186506206486646e-01 -6.172119312542837521e-01 -7.882748667351463512e-01 -1.197754387871861059e+00 -1.124346393878338013e+00 -5.702515663994608408e-01 -9.332022073154000452e-01 -1.326543019734526263e+00 2.129037143727482984e-01 8.735519118159822405e-01
-2.485628888342233112e-01 1.022413471351977687e+00 4.287311836319448455e-01 9.304055109316526628e-02 4.217525025361348878e-01 1.079301735855062061e+00 1.436847664052117446e-01 1.878497066041924457e+00 8.460151961839204038e-01 7.965238454593077666e-01 5.432766018289186816e-01 1.085391638370457823e+00
-2.717220772881854263e-01 8.088133103754094888e-01 1.578098644203378864e+00 -2.145275695851794340e-01 1.660471013148493991e-01 -4.513834846380901933e-01 3.316013072876817236e-01 1.369329536639355416e+00 1.155070240643103707e+00 4.841917219378641946e-01 -1.523129120552274562e+00 6.364296517120088259e-01
-1.004750328481688548e+00 7.106403791818617366e-01 -3.400767591121210409e-01 1.035208540975454561e+00 -4.217127353256096001e-01 -7.153749107217943770e-01 1.097114414802983662e+00 -2.913216962907818619e-01 1.241625359533635287e+00 1.345131485296341411e-01 1.340937470381133201e+00 1.506111892436598154e+00
-2.310023009855138865e-01 -4.961057099817348104e-01 -5.421820465300277725e-01 -6.298586237630732221e-01 1.028447247043988044e+00 -1.641984640553196151e+00 -3.848602855431528247e-01 -1.544597155144720457e-01 -1.324540813460851174e+00 -1.607445481347010707e-01 2.400366268862964003e-01 -9.101743369275179241e-01
8.383864469371395123e-02 -3.613649671307250788e-01 1.417769139693490832e+00 6.577310455634374220e-01 5.219582738644072961e-01 1.842118593301962648e-02 -5.281991615364334258e-01 -1.326419571383988139e+00 1.875074026833873697e+00 -3.011751100352029198e-01 1.192184030243498949e+00 6.829342766064304682e-01
2.329414290472329452e-01 -3.543173292743302394e-01 -7.788102002278712854e-01 -1.286975837498355979e+00 -2.147143523123909159e-01 1.107519960795677605e-02 1.094139012565808811e+00 5.169192258345917113e-01 5.626732533921566803e-01 1.110240859013597037e+00 3.320882448786072749e-01 -2.897983518579885232e-01
3.240234793494384258e-01 -1.164060551179896486e+00 -5.054754143757982376e-01 -1.170124830766720248e+00 5.875370236464505513e-01 -1.182636733170460808e+00 -8.778082059731371345e-01 -4.210157904862814326e-02 -1.074472619880419533e+00 -5.484067696319837593e-01 -3.904308783637089331e-01 1.093257240303761035e+00
