8.486004968992093556e-01 -1.060465448707435421e+00 -1.415264023940991933e-01 -2.728241163216976184e-01 -1.371586001619106376e+00 1.652929797672726686e-02 8.675695843177296807e-01 -1.354638229695125651e-01 4.653102959079852274e-01 -4.928294377533681825e-01 -3.274046879935467169e-01 5.769928702573767776e-01
8.350943307486110578e-01 8.340691216690934162e-01 -2.067664037844881009e-02 -6.160965615349974778e-01 -1.742745633011087147e-01 -2.488815644150773054e-01 3.118857970056471141e-01 -8.277930794792923708e-01 6.732506081204773229e-01 -2.175993208442540960e-01 -4.918811052500143832e-01 -9.790979380838821244e-01
-9.193153661293889112e-01 9.935250243741432924e-03 -1.239604140491194911e-01 -1.152999970067829089e-01 1.138493188667242251e+00 -5.757848223700163803e-01 7.017194249680853702e-01 5.432947594357018239e-01 -1.355171655317938539e-01 6.600615201488427841e-01 7.785090192642162288e-01 7.151731594756138843e-02
-3.249246941257112331e-01 4.456884386817838162e-01 -1.511186506206486646e-01 -6.172119312542837521e-01 -7.882748667351463512e-01 -1.283461043934787105e+00 -1.124346393878338013e+00 -5.702515663994608408e-01 -9.649231577675613236e-01 -1.284555753996467820e+00 2.129037143727482984e-01 7.779062284374864689e-01
-2.054598994355261166e-01 1.054193166980170293e+00 4.740044828120953957e-01 1.376896200833523098e-02 4.217525025361348878e-01 1.079301735855062061e+00 1.436847664052117446e-01 1.919224382852412703e+00 8.460151961839204038e-01 7.965238454593077666e-01 5.432766018289186816e-01 1.085391638370457823e+00
-2.717220772881854263e-01 8.088133103754094888e-01 1.603868302022579684e+00 -2.145275695851794340e-01 1.408163948636395046e-01 -4.513834846380901933e-01 3.316013072876817236e-01 1.369329536639355416e+00 1.155070240643103707e+00 4.841917219378641946e-01 -1.572254720739638678e+00 6.008029831842418567e-01
-1.004750328481688548e+00 7.106403791818617366e-01 -2.336196473389927086e-01 1.035208540975454561e+00 -4.429986108941797451e-01 -5.956079863047178957e-01 1.097114414802983662e+00 -2.689388048832289657e-01 1.241625359533635287e+00 8.865565808382412649e-02 1.340937470381133201e+00 1.470451759144856929e+00
-2.310023009855138865e-01 -4.190912811020825468e-01 -5.536800140877073950e-01 -6.298586237630732221e-01 9.969464842570081586e-01 -1.641984640553196151e+00 -3.848602855431528247e-01 -2.330072015802816809e-01 -1.324540813460851174e+00 -2.656118739137287021e-01 2.400366268862964003e-01 -9.101743369275179241e-01
8.383864469371395123e-02 -3.690964451182496275e-01 1.473487710394099093e+00 6.577310455634374220e-01 4.619308427494798197e-01 1.842118593301962648e-02 -4.587769452665761971e-01 -1.326419571383988139e+00 1.875074026833873697e+00 -3.011751100352029198e-01 1.192184030243498949e+00 6.829342766064304682e-01
1.610763647071375426e-01 -2.684903315606292362e-01 -8.031237269892739228e-01 -1.286975837498355979e+00 -2.147143523123909159e-01 1.107519960795677605e-02 1.094139012565808811e+00 4.601360233831056634e-01 4.754262725034666959e-01 1.110240859013597037e+00 3.361182070411609657e-01 -2.897983518579885232e-01
3.401507934380220144e-01 -1.260490162939828185e+00 -5.054754143757982376e-01 -1.170124830766720248e+00 5.875370236464505513e-01 -1.107039546035673006e+00 -8.778082059731371345e-01 1.668737500424927189e-02 -1.149104357134725696e+00 -5.484067696319837593e-01 -3.904308783637089331e-01 1.093257240303761035e+00
