7.994621766671354823e-01 -1.165037398321138840e+00 2.328115897829269310e-02 -1.392283451493268598e-01 -1.411474005721607083e+00 1.062731893282908430e-01 8.630517336652718807e-01 -1.354638229695125651e-01 4.675439864740720264e-01 -4.928294377533681825e-01 -4.324489481561804571e-01 5.769928702573767776e-01
8.350943307486110578e-01 8.017069370213285584e-01 -8.328848580609156393e-02 -6.157836249601769119e-01 -1.354137777861622594e-01 -2.167725829060097587e-01 3.209275380063040806e-01 -7.611463247605971816e-01 4.487578403025906937e-01 -2.127544896156000898e-01 -5.088239202786833948e-01 -8.050610216110076767e-01
-9.193153661293889112e-01 -6.842604225009296659e-02 -1.239604140491194911e-01 -7.983601235019335829e-02 1.376391206147139057e+00 -5.757848223700163803e-01 9.320721263197656592e-01 4.667404847769116016e-01 -1.334072079935504918e-01 6.682507257522052324e-01 7.785090192642162288e-01 4.584890250521600485e-02
-3.249246941257112331e-01 5.212162121952649274e-01 -2.168354937288831108e-01 -6.558925417007045455e-01 -7.696491345823706087e-01 -1.360447175830552080e+00 -1.079812477111238955e+00 -5.702515663994608408e-01 -9.773664185537342952e-01 -1.333959203986726738e+00 1.407796382076200448e-01 7.369798150483003463e-01
-2.719031752332576879e-01 1.106922111813167797e+00 4.413499096014101286e-01 -6.964031588153228591e-02 4.883052469330348977e-01 1.150842062225897910e+00 1.436847664052117446e-01 1.872265099871763150e+00 8.460151961839204038e-01 7.458138563969299861e-01 4.919398659005033148e-01 1.065268052618163930e+00
-1.759983310252959121e-01 7.592182880913433962e-01 1.566115671552664290e+00 -1.582684017878316918e-01 2.282097584802754431e-01 -4.513834846380901933e-01 3.680667114951297614e-01 1.422412706020287576e+00 1.109440986054854861e+00 4.464928716462578384e-01 -1.583247800303007269e+00 5.643532006354375907e-01
-9.107336978707298858e-01 7.869890388176884466e-01 -2.336196473389927086e-01 1.035208540975454561e+00 -4.585795545908281090e-01 -5.507623323214152489e-01 1.026816403448298498e+00 -2.846245058343222500e-01 1.135125191840304248e+00 8.865565808382412649e-02 1.340937470381133201e+00 1.362084355124645541e+00
-1.973783019666943139e-01 -4.190912811020825468e-01 -5.231147721998962163e-01 -6.479985341027746371e-01 1.153545355601043099e+00 -1.641984640553196151e+00 -2.990497202118697073e-01 -1.544597155144720457e-01 -1.359829966828358883e+00 -1.816791267284691425e-01 2.669147271472888661e-01 -9.793035369671738710e-01
8.383864469371395123e-02 -3.523179089521081275e-01 1.484599172315620219e+00 7.281545004327645287e-01 4.787103573039869775e-01 1.799866469069235086e-01 -4.798545947922987498e-01 -1.326419571383988139e+00 1.875074026833873697e+00 -3.730649557859477827e-01 1.192184030243498949e+00 6.829342766064304682e-01
2.329414290472329452e-01 -2.684903315606292362e-01 -7.788102002278712854e-01 -1.286975837498355979e+00 -2.401412686053891743e-01 2.747894490568776257e-02 1.030957572924233956e+00 5.996390807136258161e-01 5.626732533921566803e-01 1.110240859013597037e+00 3.010479776948062347e-01 -2.479871472726489223e-01
2.259867329417281356e-01 -1.164060551179896486e+00 -5.054754143757982376e-01 -1.022297873909579380e+00 4.992659760169314009e-01 -1.288445103269300285e+00 -8.932617710434850311e-01 8.025761690594314379e-02 -1.147587231076444558e+00 -5.063169427374708542e-01 -3.904308783637089331e-01 1.093257240303761035e+00
