8.486004968992093556e-01 -1.060465448707435421e+00 -1.687911860885663862e-01 -2.728241163216976184e-01 -1.470989654099476907e+00 -1.287812980589911338e-02 8.334855710876111212e-01 -2.325894423269542488e-01 3.327843144770533668e-01 -4.928294377533681825e-01 -3.517263164911189066e-01 5.649394446990982921e-01
7.580151615692087841e-01 7.274119207277568444e-01 -2.067664037844881009e-02 -6.463674928316568424e-01 -1.622571579073672221e-01 -2.030776431766688206e-01 3.209275380063040806e-01 -6.226950857605937362e-01 6.732506081204773229e-01 -2.110798728055104934e-01 -4.645386662579450987e-01 -1.063630170157826127e+00
-8.854072785584269356e-01 7.119714495305981550e-02 -1.691549907662356633e-01 -5.601949191424535068e-02 1.070415319013664490e+00 -5.479705990314207575e-01 8.620414541264145303e-01 5.432947594357018239e-01 -2.548134460757965625e-02 6.682507257522052324e-01 7.785090192642162288e-01 7.151731594756138843e-02
-2.558565109539669979e-01 5.935148883340551906e-01 -1.996139263428580168e-01 -5.409088995059146976e-01 -6.737102473203415709e-01 -1.472353805468243015e+00 -1.160285835199662330e+00 -4.287764339603171715e-01 -1.005925849933079430e+00 -1.258384102480058386e+00 1.899383567177879151e-01 7.253501943356935877e-01
-1.710761202801173442e-01 1.022413471351977687e+00 4.690106886647273376e-01 -4.419122829342309045e-02 3.156387280703158993e-01 1.113526839080479336e+00 1.539486386687836939e-01 1.952053381643090724e+00 8.955274570863794859e-01 7.458138563969299861e-01 6.254680101547034354e-01 9.503872820427349266e-01
-2.304148341940798761e-01 7.574314624203294377e-01 1.557135677165034648e+00 -2.898358980243775918e-01 2.045380800817277744e-01 -2.498762100213172410e-01 3.680667114951297614e-01 1.310385664474652767e+00 1.109440986054854861e+00 5.469200411780624771e-01 -1.661868933446781105e+00 7.550462708085050600e-01
-1.116641973875170946e+00 7.106403791818617366e-01 -3.313289161795439641e-01 1.100928762578285758e+00 -4.775768072886432125e-01 -6.414488994731765148e-01 1.188698024578808576e+00 -2.846245058343222500e-01 1.240894270617344697e+00 8.865565808382412649e-02 1.391020181522400145e+00 1.332718940959376486e+00
-2.310023009855138865e-01 -3.817428155092359998e-01 -6.357300989456756701e-01 -6.298586237630732221e-01 9.969464842570081586e-01 -1.767498555243808056e+00 -4.545200163718827180e-01 -1.544597155144720457e-01 -1.350379160879410456e+00 -2.731860439984042377e-01 2.891508160034618746e-01 -9.118778222896622987e-01
9.272234987784346016e-02 -3.926047772655142931e-01 1.458559181175072661e+00 7.991671643692809246e-01 4.619308427494798197e-01 3.334008665174324759e-02 -5.133301457081936858e-01 -1.294409910717077894e+00 1.842807719048570991e+00 -3.598570173424675556e-01 1.279352292440670613e+00 6.927854655275753615e-01
2.636940965229420675e-01 -2.963415825025166317e-01 -7.695700146426900368e-01 -1.314682916071701957e+00 -1.912336679498523040e-01 1.107519960795677605e-02 9.897939340943817665e-01 5.642704879634934390e-01 4.234225355313210315e-01 1.154417533888858260e+00 2.779901489348129418e-01 -3.835549012333803742e-01
3.684375925853121680e-01 -1.164060551179896486e+00 -4.567842151022160069e-01 -1.139133363541596111e+00 5.875370236464505513e-01 -1.107039546035673006e+00 -8.778082059731371345e-01 1.668737500424927189e-02 -1.287080411736808649e+00 -6.802086293339177914e-01 -3.279077983578533306e-01 1.050856400115500300e+00
