7.776302461703128444e-01 -1.151677894924667767e+00 2.293685058356650930e-02 -1.156381643243162283e-02 -1.554414179610860591e+00 -1.426385391693552607e-01 8.887760650446701050e-01 -3.304358237223730121e-01 4.707643326846298604e-01 -5.975793829038263949e-01 -3.035778108570607037e-01 3.846996954732647134e-01
9.345393719553577450e-01 8.162498914406266515e-01 2.719288057087818622e-01 -4.580594723874550356e-01 -2.938201649821881034e-01 -4.246239473252974572e-01 9.833126346398506079e-02 -8.167130816198456822e-01 5.510079234244689150e-01 1.224976132654019556e-01 -5.603002636852727480e-01 -7.473100562079910691e-01
-9.029355511118943856e-01 -9.318819158150720705e-02 -1.576988134048559198e-01 1.038128482809751174e-01 1.075719498040380806e+00 -3.780536382029884845e-01 8.794546655540314006e-01 3.335346677660103731e-01 -1.307484254113353839e-01 3.369621313563181952e-01 6.022269535073063729e-01 3.424163718373849363e-01
-4.620348413256257225e-01 2.806925163858968730e-01 -3.842654063038163093e-02 -6.479273330962299626e-01 -8.421333386399096899e-01 -1.290667980042437213e+00 -7.920442894161441316e-01 -6.769197968826676792e-01 -9.201755254379559990e-01 -9.972847746876526420e-01 1.370840055648717137e-01 9.644197996586694188e-01
-1.866013762753675476e-01 1.073140664673763789e+00 4.520225774208692093e-01 -2.122004202150748475e-02 3.494240511676387495e-01 9.579103101213813920e-01 3.316821350693917037e-01 1.846090040149500622e+00 7.733403137664305316e-01 9.835246309628981054e-01 4.969968118133827328e-01 1.148925757024267247e+00
-6.800506759521740552e-02 5.937646317254828832e-01 1.551957094037038853e+00 -1.972484652420155582e-01 3.599320882748348049e-01 -5.372524537072865813e-01 5.227282803708399594e-01 1.244841225136209539e+00 1.130936304996122521e+00 5.746962685585648156e-01 -1.687696987454766928e+00 7.064033427268807674e-01
-1.233507146525901987e+00 6.496704456489041934e-01 -5.330792302678525330e-01 9.651670632349840240e-01 -3.326594214282134199e-01 -7.285049347795129471e-01 1.009901581039190699e+00 -1.670859322043948825e-01 1.578973140877513170e+00 4.753052594809659831e-02 1.569666250528050977e+00 1.636497198148894716e+00
-1.922721966996456255e-01 -1.203745103647416576e-01 -6.058685473329616933e-01 -5.064528451426277833e-01 9.269435332292972340e-01 -1.430086296014189573e+00 -5.336012400118643750e-01 1.291641150613966338e-01 -9.124275231297132027e-01 -1.759994339532415242e-01 2.758283355208653309e-01 -7.091212173255119211e-01
2.528666134077539041e-01 -5.378408264030081209e-01 1.436154630706814705e+00 7.032920034179889202e-01 5.020399227809564380e-01 2.067350929429138118e-01 -6.459370137003026535e-01 -1.341836969881935460e+00 1.879008362347110328e+00 -4.102942752393816672e-01 1.316588021919115947e+00 4.664188660106352025e-01
4.750388777566726950e-01 -3.630529994931679938e-01 -1.013943750066708782e+00 -1.021293445936074518e+00 3.673878993550577093e-02 -1.257967615417531770e-01 1.199643646490473170e+00 3.379747011448147043e-01 5.008376082254096806e-01 1.141941206497187888e+00 4.168597130777924598e-01 -3.727348164682859899e-01
2.127652872057205768e-01 -1.418326956098892255e+00 -5.319843052117753102e-01 -9.809697026592880675e-01 6.859595933477854457e-01 -8.737006148406636363e-01 -9.377514132923410184e-01 -1.867849352591152701e-01 -1.050577567097008558e+00 -5.374667911541354259e-01 -5.482975085400044746e-01 1.152398511601983921e+00
