7.776302461703128444e-01 -1.151677894924667767e+00 1.004590126346687068e-01 -1.653602120269198061e-01 -1.522557746670244461e+00 -7.650603772114308865e-02 8.887760650446701050e-01 -2.066112002002541970e-01 3.913192209642681885e-01 -5.975793829038263949e-01 -4.016628462788707221e-01 3.788708275914754453e-01
9.384493918743682661e-01 8.162498914406266515e-01 2.719288057087818622e-01 -4.580594723874550356e-01 -2.792799865510552371e-01 -4.318797945512104497e-01 2.133868922791837264e-01 -7.575024006296225965e-01 5.830304951978748651e-01 1.026058354487931062e-01 -5.603002636852727480e-01 -7.121302714327720773e-01
-8.712832635236273937e-01 -5.431600656505969349e-02 -2.548667604020864452e-01 1.038128482809751174e-01 1.102539035211117957e+00 -4.247606819622472552e-01 8.794546655540314006e-01 3.458839310959040958e-01 -1.307484254113353839e-01 3.366331503389917157e-01 5.466159599110056444e-01 3.424163718373849363e-01
-4.404232685391394342e-01 1.531520928287694039e-01 -6.046620811305697396e-02 -6.129010899206407403e-01 -8.671555729189069917e-01 -1.275196297281447233e+00 -7.183433647147120515e-01 -6.736376862032906754e-01 -9.460974239775629124e-01 -9.972847746876526420e-01 1.370840055648717137e-01 9.017911455654239461e-01
-1.866013762753675476e-01 1.091737744553944234e+00 4.525328669434220963e-01 -2.122004202150748475e-02 3.613205324929247841e-01 9.579103101213813920e-01 2.796918042294291862e-01 1.846090040149500622e+00 7.733403137664305316e-01 1.014539824074538465e+00 5.951512204531754779e-01 1.098215476968821047e+00
-6.175153191806138919e-02 4.992717609300106885e-01 1.551957094037038853e+00 -2.672386451340761915e-01 3.599320882748348049e-01 -5.169186042032528627e-01 4.005293930768565880e-01 1.282900047166941171e+00 1.048392961217579300e+00 5.506620133671338291e-01 -1.687696987454766928e+00 7.064033427268807674e-01
-1.233507146525901987e+00 7.301478991143591779e-01 -5.322643353250774423e-01 9.796834379772630941e-01 -2.406842846930220547e-01 -7.285049347795129471e-01 1.098913734410152498e+00 -1.106512895710326516e-01 1.591327818377776815e+00 7.267473550371955637e-02 1.516424123116439482e+00 1.716629013474568755e+00
-2.248311549876500781e-01 -2.191160760317857892e-01 -5.695670384092785810e-01 -5.945768410156051509e-01 7.878915500544660944e-01 -1.430086296014189573e+00 -5.336012400118643750e-01 2.135149512655671877e-01 -8.861449284677722638e-01 -4.971167779956553456e-02 2.758283355208653309e-01 -7.646293999388206197e-01
2.528666134077539041e-01 -5.389184104157545008e-01 1.436154630706814705e+00 7.046842925599561269e-01 5.700848619050860044e-01 1.481484591516441240e-01 -6.717787326788635660e-01 -1.304947069107458280e+00 1.859109006222803728e+00 -2.892922067655244733e-01 1.329992475068143332e+00 3.435992914874290149e-01
4.750388777566726950e-01 -2.892146059403867264e-01 -9.785722782028467570e-01 -1.042124441323119211e+00 -1.259549425732897632e-01 -9.127829829514927384e-02 1.108402175150247082e+00 4.048493795120201022e-01 4.756576918568121148e-01 1.058963565192613032e+00 4.375560405424462340e-01 -3.727348164682859899e-01
2.127652872057205768e-01 -1.382203010193083781e+00 -5.319843052117753102e-01 -9.809697026592880675e-01 5.701917921882670992e-01 -1.052655261509855222e+00 -9.377514132923410184e-01 -1.867849352591152701e-01 -1.159723277002169928e+00 -5.374667911541354259e-01 -5.966446123432570525e-01 1.115835223049383096e+00
