8.349333633661035758e-01 -1.151677894924667767e+00 9.964491076331730146e-02 -1.653602120269198061e-01 -1.447171432852687234e+00 -7.650603772114308865e-02 9.133221807614458898e-01 -2.066112002002541970e-01 4.707643326846298604e-01 -6.908580587882833246e-01 -4.016628462788707221e-01 3.990606131995502182e-01
9.384493918743682661e-01 8.162498914406266515e-01 2.552541802692684936e-01 -4.580594723874550356e-01 -2.792799865510552371e-01 -4.325608871642667164e-01 2.133868922791837264e-01 -7.575024006296225965e-01 5.830304951978748651e-01 1.026058354487931062e-01 -5.603002636852727480e-01 -7.768854793460989727e-01
-9.093614006010440898e-01 2.031593952595342478e-02 -2.548667604020864452e-01 1.038128482809751174e-01 1.111395419362526393e+00 -3.780536382029884845e-01 8.794546655540314006e-01 3.458839310959040958e-01 -1.307484254113353839e-01 1.987941835100460741e-01 5.466159599110056444e-01 3.424163718373849363e-01
-3.788804938705579994e-01 1.981283008508046561e-01 -6.046620811305697396e-02 -6.479273330962299626e-01 -8.671555729189069917e-01 -1.237383500643418177e+00 -7.978184137264330289e-01 -6.769197968826676792e-01 -9.201755254379559990e-01 -9.972847746876526420e-01 7.505898504867979104e-02 9.017911455654239461e-01
-1.866013762753675476e-01 1.040856036201681434e+00 4.525328669434220963e-01 -2.122004202150748475e-02 3.039426253264591038e-01 9.579103101213813920e-01 2.796918042294291862e-01 1.766481711698898893e+00 8.867604546732790194e-01 9.166544525731922244e-01 5.694393555719420297e-01 1.148925757024267247e+00
-6.800506759521740552e-02 6.200029264007590468e-01 1.453197710710173451e+00 -2.770834862398238174e-01 3.599320882748348049e-01 -5.104172986923184441e-01 4.005293930768565880e-01 1.245846414655918721e+00 1.143567791656655785e+00 5.123029321963891158e-01 -1.687696987454766928e+00 6.531456760265614836e-01
-1.237351773734434390e+00 7.301478991143591779e-01 -4.451416084275873208e-01 9.796834379772630941e-01 -3.326594214282134199e-01 -7.285049347795129471e-01 1.098913734410152498e+00 -1.836242003940002088e-01 1.551464037891352454e+00 4.753052594809659831e-02 1.516424123116439482e+00 1.815361306165633737e+00
-2.248311549876500781e-01 -2.191160760317857892e-01 -5.695670384092785810e-01 -5.945768410156051509e-01 8.372352835630266776e-01 -1.430086296014189573e+00 -5.336012400118643750e-01 1.291641150613966338e-01 -9.274076720568548149e-01 -1.414912269682985224e-01 2.758283355208653309e-01 -7.646293999388206197e-01
2.528666134077539041e-01 -5.389184104157545008e-01 1.436154630706814705e+00 7.818220232426028593e-01 5.700848619050860044e-01 1.481484591516441240e-01 -6.717787326788635660e-01 -1.341836969881935460e+00 1.717183483898395480e+00 -3.044017744871241327e-01 1.329992475068143332e+00 4.523562107640757279e-01
4.607982811506541321e-01 -2.813919440430431851e-01 -9.785722782028467570e-01 -1.121143998463637548e+00 -3.875680378040163160e-02 -9.127829829514927384e-02 1.113922122162206874e+00 3.379747011448147043e-01 4.756576918568121148e-01 1.160999544984359755e+00 4.375560405424462340e-01 -3.537172782362213441e-01
2.727168089085693081e-01 -1.442296863900751847e+00 -5.319843052117753102e-01 -9.809697026592880675e-01 6.291781760231766052e-01 -9.914288601088452335e-01 -9.377514132923410184e-01 -1.867849352591152701e-01 -1.068437379893339312e+00 -5.374667911541354259e-01 -5.966446123432570525e-01 1.115342610695788217e+00
