6.527602322950342151e-01 -1.151677894924667767e+00 9.964491076331730146e-02 -1.518791041938276631e-01 -1.576840091042255976e+00 -7.650603772114308865e-02 8.887760650446701050e-01 -2.378365758689345855e-01 4.707643326846298604e-01 -5.975793829038263949e-01 -3.018883390129405431e-01 3.074334903731291702e-01
9.345393719553577450e-01 8.162498914406266515e-01 2.411131549935218166e-01 -4.580594723874550356e-01 -3.508447341039229173e-01 -4.474231548171004325e-01 1.145917160999044837e-01 -6.658293428800782232e-01 5.686080230674001035e-01 2.052068757973204427e-01 -5.603002636852727480e-01 -7.819489582875771561e-01
-9.401716903696435423e-01 -8.000261619730227036e-03 -2.007973595392918142e-01 1.038128482809751174e-01 1.014890390534771702e+00 -4.621549958211194076e-01 9.185234435369112882e-01 3.458839310959040958e-01 -1.307484254113353839e-01 3.369621313563181952e-01 5.466159599110056444e-01 3.424163718373849363e-01
-3.420370158253857040e-01 1.981283008508046561e-01 -1.166670915559185062e-01 -7.441213667711544799e-01 -8.671555729189069917e-01 -1.290667980042437213e+00 -7.183433647147120515e-01 -6.569533435110742614e-01 -9.201755254379559990e-01 -9.574690779971339882e-01 5.677094397177225721e-02 9.017911455654239461e-01
-9.637829319908129688e-02 1.089756272906825973e+00 5.398811196746956531e-01 -2.122004202150748475e-02 3.494240511676387495e-01 8.955340651511229932e-01 2.930492924738944960e-01 1.846090040149500622e+00 7.733403137664305316e-01 9.460863697976512610e-01 4.969968118133827328e-01 1.168058880429706736e+00
2.038457092774351165e-03 5.937646317254828832e-01 1.551957094037038853e+00 -2.500247522894607499e-01 5.375361513734775443e-01 -5.152708039310540666e-01 4.035237008975755546e-01 1.244841225136209539e+00 1.048392961217579300e+00 5.283793383147190603e-01 -1.824844039012360142e+00 6.806461354002494302e-01
-1.123970009915086887e+00 7.301478991143591779e-01 -5.322643353250774423e-01 9.651670632349840240e-01 -3.326594214282134199e-01 -7.285049347795129471e-01 1.098913734410152498e+00 -2.090625551649594460e-01 1.578973140877513170e+00 1.199952601799351704e-01 1.620298016548388009e+00 1.716629013474568755e+00
-2.248311549876500781e-01 -2.191160760317857892e-01 -5.680447364630345497e-01 -5.945768410156051509e-01 7.676833230180194478e-01 -1.518510406633057475e+00 -4.910859825986643168e-01 7.897564414914770570e-02 -9.754247636115712661e-01 -2.132456590306008593e-01 2.758283355208653309e-01 -8.528553822691999908e-01
3.410338370480465175e-01 -5.841882298331370071e-01 1.433259659280722298e+00 7.500261679219287769e-01 5.700848619050860044e-01 1.481484591516441240e-01 -6.273138881774962261e-01 -1.341836969881935460e+00 1.875074026833873697e+00 -4.105855618373980831e-01 1.329992475068143332e+00 4.523562107640757279e-01
4.750388777566726950e-01 -3.438697462876262323e-01 -9.785722782028467570e-01 -1.121143998463637548e+00 3.673878993550577093e-02 -9.127829829514927384e-02 1.303550811490704620e+00 3.379747011448147043e-01 4.756576918568121148e-01 1.212233473934376526e+00 4.375560405424462340e-01 -3.727348164682859899e-01
2.127652872057205768e-01 -1.503011796731722027e+00 -5.319843052117753102e-01 -9.985971626776597443e-01 5.838998422144917599e-01 -9.914288601088452335e-01 -9.444041992706437849e-01 -1.867849352591152701e-01 -1.068437379893339312e+00 -4.630942341140763530e-01 -6.904080446269498239e-01 1.115342610695788217e+00
