7.989112396778975667e-01 -1.151677894924667767e+00 9.964491076331730146e-02 -1.653602120269198061e-01 -1.495540799444446733e+00 -7.650603772114308865e-02 8.887760650446701050e-01 -1.765524753816344050e-01 3.848415599813870269e-01 -5.975793829038263949e-01 -4.016628462788707221e-01 3.788708275914754453e-01
9.345393719553577450e-01 8.162498914406266515e-01 2.719288057087818622e-01 -4.580594723874550356e-01 -2.792799865510552371e-01 -4.474231548171004325e-01 1.145917160999044837e-01 -6.658293428800782232e-01 5.177936933624848193e-01 2.052068757973204427e-01 -5.721694130564785041e-01 -7.819489582875771561e-01
-9.029355511118943856e-01 -3.973825528452817890e-02 -1.576988134048559198e-01 5.026710666389878901e-02 1.102539035211117957e+00 -3.780536382029884845e-01 8.794546655540314006e-01 3.665098106117361532e-01 -8.286652510884745526e-02 3.369621313563181952e-01 6.561562869671929699e-01 2.546323517071694686e-01
-4.479836681377105667e-01 1.499473535993957884e-01 -6.046620811305697396e-02 -6.479273330962299626e-01 -8.671555729189069917e-01 -1.290667980042437213e+00 -7.787900788147784636e-01 -6.532552423942211695e-01 -9.586064954498071389e-01 -9.972847746876526420e-01 5.338344230112704314e-02 9.017911455654239461e-01
-1.216403870151809563e-01 1.139573375889139095e+00 4.525328669434220963e-01 7.015578265147227877e-02 3.494240511676387495e-01 9.579103101213813920e-01 2.796918042294291862e-01 1.846090040149500622e+00 7.733403137664305316e-01 1.008049273829762171e+00 4.969968118133827328e-01 1.148925757024267247e+00
1.328175521443093754e-02 6.626698034648401681e-01 1.551957094037038853e+00 -2.263190885566030985e-01 3.599320882748348049e-01 -5.169186042032528627e-01 4.005293930768565880e-01 1.244841225136209539e+00 1.048392961217579300e+00 5.123029321963891158e-01 -1.779936522504628416e+00 7.064033427268807674e-01
-1.209191448873004671e+00 7.301478991143591779e-01 -5.322643353250774423e-01 9.651670632349840240e-01 -3.326594214282134199e-01 -7.285049347795129471e-01 1.098913734410152498e+00 -1.651849018392705093e-01 1.578973140877513170e+00 4.753052594809659831e-02 1.538271789589093830e+00 1.716629013474568755e+00
-2.248311549876500781e-01 -2.191160760317857892e-01 -5.695670384092785810e-01 -5.945768410156051509e-01 7.507012056594152272e-01 -1.335039107727916008e+00 -5.336012400118643750e-01 1.291641150613966338e-01 -9.274076720568548149e-01 -2.132456590306008593e-01 2.758283355208653309e-01 -7.646293999388206197e-01
3.323008969577737615e-01 -5.389184104157545008e-01 1.436154630706814705e+00 7.818220232426028593e-01 5.700848619050860044e-01 2.304072675859517583e-01 -6.273138881774962261e-01 -1.341836969881935460e+00 1.875074026833873697e+00 -3.566456778398221505e-01 1.341907353893573296e+00 4.523562107640757279e-01
4.750388777566726950e-01 -2.892146059403867264e-01 -9.642428858223586197e-01 -1.086344051326682880e+00 9.642891540864351185e-02 -9.127829829514927384e-02 1.331932829373189353e+00 3.379747011448147043e-01 4.756576918568121148e-01 1.248531944663447968e+00 4.375560405424462340e-01 -3.727348164682859899e-01
2.127652872057205768e-01 -1.538100758331413020e+00 -5.319843052117753102e-01 -9.809697026592880675e-01 5.701917921882670992e-01 -9.914288601088452335e-01 -9.444041992706437849e-01 -1.867849352591152701e-01 -1.068437379893339312e+00 -5.374667911541354259e-01 -5.336296883765330179e-01 1.129863134095649535e+00
