6.311999131430540144e-01 -1.116068565482180475e+00 -2.236442276612968516e-01 -4.886186200616253472e-03 -1.356311730244790459e+00 1.232569136889625216e-01 9.410962979098244086e-01 -5.298867241034929121e-01 1.062706213016874485e-01 -3.913578958144834918e-01 -2.850354849200656959e-01 6.668600055057715137e-01
7.159880308750681266e-01 7.220408228165334785e-01 -9.025594533631475791e-02 -3.838339455768477460e-01 -4.911117295853761888e-02 -1.707948241137046130e-01 3.534603237417631161e-01 -9.157628435459030936e-01 8.408365878778265579e-01 -9.964943850458804486e-03 -3.037956660708929224e-01 -8.559039819820078998e-01
-7.763946074868491865e-01 1.403195496293341282e-01 -3.438621130309944540e-01 2.010985190064300265e-01 1.380986276510551836e+00 -5.304128686601596865e-01 1.033697488431052358e+00 8.168661818285579690e-01 -1.602576093817008052e-01 1.012444367148274793e+00 9.532101524859987185e-01 -4.678815573294350938e-02
-2.756731050209231815e-01 5.893731588157768986e-01 -3.212481564226304931e-01 -8.156139274031903863e-01 -8.305298863259580333e-01 -1.675377399765019870e+00 -9.918184433413600454e-01 -4.671800519430572840e-01 -8.741053852575693117e-01 -1.231541047050432880e+00 1.217855739645554158e-01 4.930973803024300550e-01
1.095242022844466340e-01 9.703423040582441761e-01 1.087390277140464490e-01 3.785834989390569894e-02 5.420848031113275622e-01 1.205613403514895543e+00 -5.373963169547225915e-02 1.684578130298840737e+00 1.090451906032587681e+00 1.132923379360611715e+00 9.589522621929005286e-01 9.854392226738155625e-01
9.990113265553045296e-02 3.960224724468464630e-01 1.508259856728215720e+00 -3.786146961042125558e-01 1.832749773586778708e-01 -6.433253242231791180e-01 4.995797535292425540e-01 1.581348676641632922e+00 1.063750235296108793e+00 3.031265096131900427e-01 -1.510176822315576706e+00 8.864196376914278419e-01
-8.564189178835505123e-01 7.112743588466491351e-01 -5.217334018532535644e-01 7.942579257514599256e-01 -9.437225282092792655e-01 -5.833116662836428379e-01 1.052605614996832362e+00 -3.735080343778384160e-01 8.591266881753595319e-01 1.958441189217107747e-01 1.462758141055149563e+00 1.444290372409927858e+00
-1.899652554635306023e-01 -7.044051290187427483e-01 -1.335036031950481261e+00 -6.551813035792440898e-01 8.873190521496898686e-01 -1.335314116239364246e+00 -2.228827232799805158e-01 -7.486238391218766330e-02 -1.541193574619511342e+00 -2.320380834426612471e-01 1.186288420360021023e-01 -7.723039174488508518e-01
5.062643564101368399e-03 -2.628845185690125708e-01 1.319220088127565527e+00 6.191227308236114668e-01 4.936485043045358290e-01 1.396750358507796615e-02 -6.084543479817551281e-01 -1.503521383158042291e+00 2.020000617999137660e+00 -4.593914952241898164e-01 1.065247032525721504e+00 8.101831275728359483e-01
7.375513079920528736e-02 2.528442084806670764e-01 -7.815357814809573700e-01 -9.352859276656446674e-01 -4.505443783405697900e-02 -1.962593624185966223e-01 1.217631513101549379e+00 5.958421519317727011e-01 5.477957083530945459e-01 9.866899579912817853e-01 5.221084033750731379e-01 -2.618967710717116093e-01
2.591802676316858345e-01 -1.447359580629820064e+00 -1.320807807152592217e-01 -1.266793424436728710e+00 5.229079505092689706e-01 -1.096742037275785231e+00 -8.785053468013622746e-01 -3.589940252301299095e-01 -1.146531449598737096e+00 4.116259907530342432e-02 3.999183819293874315e-02 7.304714144703084999e-01
