6.311999131430540144e-01 -1.168565133571158654e+00 -2.631993343422254217e-01 9.483978778324561598e-03 -1.356311730244790459e+00 1.232569136889625216e-01 8.687686164926676780e-01 -5.298867241034929121e-01 1.158657770706762180e-01 -5.127108161990377999e-01 -2.850354849200656959e-01 6.668600055057715137e-01
6.629318869568587846e-01 7.767123005612068809e-01 -1.302992653211099972e-01 -4.390463119001535297e-01 -4.911117295853761888e-02 -1.707948241137046130e-01 4.142312975755909621e-01 -9.157628435459030936e-01 8.207666661372871042e-01 3.026029399067740877e-02 -2.557286748126058051e-01 -8.559039819820078998e-01
-8.687629075790415101e-01 8.422456113838586167e-02 -3.265845601883252125e-01 1.518881667011925951e-01 1.380986276510551836e+00 -5.304128686601596865e-01 1.033697488431052358e+00 8.168661818285579690e-01 -1.602576093817008052e-01 1.012444367148274793e+00 8.829541365065083358e-01 -2.880434653890687202e-02
-2.756731050209231815e-01 5.893731588157768986e-01 -2.843308133172015584e-01 -7.209462413041578532e-01 -8.213730022511060991e-01 -1.591256962222649340e+00 -1.082786946755244006e+00 -4.720406653959606791e-01 -8.741053852575693117e-01 -1.231541047050432880e+00 1.004665363161267450e-01 4.930973803024300550e-01
2.028786609921448270e-01 1.143194949231274071e+00 3.988564431176813696e-02 3.785834989390569894e-02 5.420848031113275622e-01 1.197967086201429110e+00 -2.414555190863888756e-02 1.684578130298840737e+00 1.090451906032587681e+00 1.132923379360611715e+00 9.589522621929005286e-01 1.074123813606852051e+00
1.890270945219175436e-01 3.960224724468464630e-01 1.492961272900259040e+00 -3.786146961042125558e-01 1.832749773586778708e-01 -6.433253242231791180e-01 5.716167480851709337e-01 1.581348676641632922e+00 1.068057475584079485e+00 3.982914547802866023e-01 -1.597417157230199614e+00 7.901722038400007531e-01
-8.564189178835505123e-01 7.112743588466491351e-01 -4.472606594483993225e-01 8.121681423694330215e-01 -9.437225282092792655e-01 -5.833116662836428379e-01 1.012588647121674290e+00 -4.632005945476216358e-01 8.591266881753595319e-01 2.273661015442552669e-01 1.331039079690768956e+00 1.518662627057665970e+00
-2.683558208557151881e-01 -7.044051290187427483e-01 -1.179119845612560002e+00 -6.551813035792440898e-01 7.159980239093723942e-01 -1.432317574555620920e+00 -2.228827232799805158e-01 -7.486238391218766330e-02 -1.532555155892609822e+00 -3.162681317029074624e-01 6.405203912280238443e-02 -7.723039174488508518e-01
5.062643564101368399e-03 -2.628845185690125708e-01 1.395481004889546073e+00 6.191227308236114668e-01 5.786042968490957561e-01 -1.531707395073487500e-02 -4.795814123009504160e-01 -1.503521383158042291e+00 2.020000617999137660e+00 -4.180907506805905394e-01 1.065247032525721504e+00 8.101831275728359483e-01
-2.761154971992656193e-02 2.528442084806670764e-01 -8.130675778994074232e-01 -9.352859276656446674e-01 3.342339399810066725e-02 -1.962593624185966223e-01 1.217631513101549379e+00 4.901887136803713130e-01 6.135474994496611378e-01 9.866899579912817853e-01 5.221084033750731379e-01 -1.909633733781123111e-01
1.408326579034573922e-01 -1.473427428765747615e+00 -1.320807807152592217e-01 -1.356702613640690114e+00 4.379772183091567017e-01 -1.193110910231088173e+00 -7.924597851641701496e-01 -3.589940252301299095e-01 -1.146531449598737096e+00 2.770510610430812481e-02 1.713022470878819772e-02 7.304714144703084999e-01
