5.810854205243647375e-01 -1.284838461971583801e+00 -3.247792910365611130e-01 5.562563375521330233e-02 -1.237191772704313797e+00 2.512125269809817874e-01 6.785872323523040039e-01 -1.937353961673920211e-01 1.536010792728014773e-01 -2.287368972244890053e-01 -2.328252948727289329e-01 5.910797707020742919e-01
6.940422577728687648e-01 9.385390065839166462e-01 2.694673079426181950e-01 -3.367287940583800210e-01 -8.189060072406338653e-02 -3.697458655575498465e-01 1.058979218193825400e-01 -1.015903170797783028e+00 1.126106499245747017e+00 2.084944136483903310e-01 -4.825348165239976561e-01 -8.144074045480722557e-01
-1.032609635517236502e+00 1.043347386263224624e-01 -4.357864945746370844e-01 7.814762905844835350e-02 1.249314617768121582e+00 -7.290208223553175104e-01 1.114465471986662015e+00 7.832902507058634445e-01 -2.313959146140753265e-01 7.399548413493545196e-01 1.049964563078102264e+00 1.681132392540193310e-01
-1.538270055427448657e-01 5.521848854211051094e-01 -3.572694375456842431e-01 -9.387293372456402274e-01 -9.008587119951066979e-01 -1.813819047229349612e+00 -1.095760511375073465e+00 -4.117502410858102091e-01 -9.944308687737590802e-01 -1.019652295245477625e+00 4.992088458901610543e-02 4.808346036070187401e-01
7.652738378065992997e-02 1.371355250704920703e+00 1.714705216085525841e-01 -4.293473049200643987e-02 5.405773005989363833e-01 1.008654800461586287e+00 -1.235258829001690539e-01 1.922149489895911501e+00 1.036624397592171842e+00 1.294138207090295811e+00 1.014848753163645645e+00 1.014926915188407053e+00
1.685709789920607771e-01 6.017911770974478936e-01 1.676790548155077998e+00 -3.900655921935208270e-01 4.609869248157686533e-02 -6.821977275910130478e-01 4.591258282883836639e-01 1.668481709257038093e+00 1.095521315097935933e+00 3.787435940526666656e-01 -1.503774240884313773e+00 8.355901759716745092e-01
-1.096571158813411495e+00 5.186313752722275794e-01 -6.051589801295016446e-01 8.894052043692238785e-01 -9.077204438603665437e-01 -7.967700901422598569e-01 8.143625230675192173e-01 -2.365792991868447687e-02 7.056595448211144816e-01 1.079484208759285274e-01 1.185416745609179756e+00 1.543269523479221972e+00
-1.549577597327379819e-01 -7.853190013943506242e-01 -9.658659969912747334e-01 -5.943672541045957880e-01 9.443845208656631574e-01 -1.393785660465910015e+00 -1.059955397755290574e-01 -1.685256652403435418e-01 -1.494548574675063302e+00 -2.680239882610085944e-01 1.040568982311629170e-01 -7.007377097656440901e-01
2.667213201518505231e-02 -2.390846481762259890e-01 1.157961301368100937e+00 6.288960467269009147e-01 5.177395139957146064e-01 4.363195111695359479e-02 -6.321100491725623050e-01 -1.451447692843351067e+00 1.893843535705410419e+00 -5.401368197098915802e-01 1.007905713486950461e+00 8.200109301812822382e-01
-1.498192127671751361e-01 2.949138419811181966e-01 -3.961213473519036299e-01 -9.065144986930372406e-01 1.020915514101610189e-01 -1.174174029961837507e-01 1.304194613103253131e+00 7.300689920817138301e-01 3.513352858277621893e-01 1.091079598890550395e+00 5.143201956972679456e-01 -1.402157642773841917e-01
8.506057741754244339e-02 -1.494207360271594398e+00 -2.153981634019266067e-01 -1.627642188906863074e+00 3.604368043299360225e-01 -1.401780165117477495e+00 -7.739288355696510857e-01 -2.971748742305219682e-01 -1.053789398351393736e+00 -1.974140441642650012e-01 2.031937469344078373e-01 8.488098364927224582e-01
