6.311999131430540144e-01 -1.061784808308357420e+00 -2.236442276612968516e-01 9.483978778324561598e-03 -1.356311730244790459e+00 1.864619975296879784e-01 9.695691207722731964e-01 -5.298867241034929121e-01 7.067313319814802486e-02 -3.913578958144834918e-01 -2.154773994892931477e-01 6.668600055057715137e-01
6.629318869568587846e-01 7.767123005612068809e-01 -1.155091468679021599e-01 -3.838339455768477460e-01 -4.911117295853761888e-02 -3.514422317053229050e-01 3.094000625277932293e-01 -9.687630217598443005e-01 8.207666661372871042e-01 1.366893600149728105e-02 -2.557286748126058051e-01 -8.559039819820078998e-01
-8.687629075790415101e-01 8.422456113838586167e-02 -3.265845601883252125e-01 1.518881667011925951e-01 1.357341391723074331e+00 -5.304128686601596865e-01 1.066177967793200398e+00 8.168661818285579690e-01 -1.602576093817008052e-01 1.077860087514908027e+00 9.532101524859987185e-01 6.239010969633133896e-02
-3.595901217523563842e-01 5.103655119426729891e-01 -3.120642464362917146e-01 -6.436053193260949934e-01 -7.778429492586808047e-01 -1.615241019211176354e+00 -9.918184433413600454e-01 -4.792000742187323414e-01 -8.741053852575693117e-01 -1.182928169329620527e+00 6.293872414079491884e-02 3.989165747691416630e-01
1.154518803102500685e-01 9.715860459254938020e-01 6.232516870312283797e-02 3.785834989390569894e-02 5.420848031113275622e-01 1.086043899501223819e+00 -4.594861579145181896e-03 1.684578130298840737e+00 1.090451906032587681e+00 1.132923379360611715e+00 9.840477799807264558e-01 1.074123813606852051e+00
1.368545005333267894e-01 3.960224724468464630e-01 1.508259856728215720e+00 -3.786146961042125558e-01 3.136605173309633399e-01 -5.984367501741040263e-01 3.879729198352631081e-01 1.582560319141498750e+00 1.068057475584079485e+00 3.031265096131900427e-01 -1.503705442887434129e+00 7.373038194877858942e-01
-8.564189178835505123e-01 6.178117839364001274e-01 -4.336209155651172265e-01 9.274999081243138210e-01 -9.437225282092792655e-01 -6.060005912922717952e-01 1.051513977172345626e+00 -3.735080343778384160e-01 9.578464261730512685e-01 1.740243601916672267e-01 1.431376043593889147e+00 1.443806852720535883e+00
-1.899652554635306023e-01 -7.044051290187427483e-01 -1.260898260062241150e+00 -6.551813035792440898e-01 9.035214239345599196e-01 -1.462312211542047269e+00 -2.228827232799805158e-01 -3.078237523097501760e-02 -1.532555155892609822e+00 -3.680409442751770843e-01 7.604101833057370918e-02 -6.784456343558052938e-01
5.062643564101368399e-03 -3.083258546377417586e-01 1.262014882620678069e+00 7.033618783233750449e-01 5.753623487111860779e-01 -1.531707395073487500e-02 -5.547530542710522594e-01 -1.551485285221981147e+00 2.020000617999137660e+00 -5.054684552824167953e-01 1.161651408621464432e+00 7.790713445647693414e-01
-4.031162942536414828e-02 3.330102464004675022e-01 -8.130675778994074232e-01 -9.551658243096268208e-01 -5.576707551902607141e-02 -1.962593624185966223e-01 1.272408903717103135e+00 5.524493292843979386e-01 6.135474994496611378e-01 9.806814161293677667e-01 5.985174056325053282e-01 -2.856528104894575648e-01
2.123095140590151864e-01 -1.447359580629820064e+00 -1.320807807152592217e-01 -1.398418132362035493e+00 4.379772183091567017e-01 -1.096742037275785231e+00 -8.740864777462706847e-01 -3.716962559729246607e-01 -1.233581428212504605e+00 7.358717641877882132e-02 2.008235170089469473e-02 7.981839604956867396e-01
