6.207073619811476206e-01 -1.298405211058138109e+00 -2.652432865835295805e-01 1.307896424469989077e-02 -1.215539046319941363e+00 3.816893770631114152e-02 6.352340962990491446e-01 -1.757972889497717295e-01 2.330711828272331587e-01 -1.745876960078955875e-01 -1.710685652832967807e-01 6.025163829955798578e-01
7.324110484194757964e-01 9.447624966853426232e-01 1.795958854208100919e-01 -4.938961398697611083e-01 -8.189060072406338653e-02 -1.953785935839025822e-01 2.760806219487566548e-01 -9.028427551140151275e-01 1.064427139798550526e+00 1.028427130854635968e-01 -4.397213277618479688e-01 -9.489407039601550631e-01
-1.032609635517236502e+00 7.366796778528587886e-02 -3.664428943144997231e-01 2.068582615838197858e-02 1.275108159333835811e+00 -7.290208223553175104e-01 9.334855683951633898e-01 8.717470328038554594e-01 -1.497904971932806362e-01 7.137041739328551238e-01 1.014189141951189033e+00 3.835960881939265432e-02
-9.012692606490045610e-02 6.461964078036006587e-01 -3.623312342125150076e-01 -8.848094532430043069e-01 -9.911226394362115943e-01 -1.627018826927090434e+00 -1.021117001984394035e+00 -5.708612335589127174e-01 -8.715235138584727093e-01 -1.117795939425916263e+00 7.068274746422004151e-02 5.699699538252063213e-01
5.054077731069706036e-02 1.348590134467538393e+00 4.521260398819730575e-02 -1.081467284775080723e-01 4.201635269349402457e-01 1.070603929899351492e+00 -1.282694651604314173e-01 1.699762336072935698e+00 7.816484861453659727e-01 1.133974914036166570e+00 9.903723105030636242e-01 1.175390744043938618e+00
7.672996969910658716e-02 6.017911770974478936e-01 1.639513545098786995e+00 -3.460481447314235903e-01 1.753535241953271123e-02 -7.028828481711181242e-01 5.861833583250272151e-01 1.799867873152143583e+00 8.748166711231538661e-01 3.787435940526666656e-01 -1.414468413010787629e+00 8.607783134869900765e-01
-9.712477309437419493e-01 6.477451215862238820e-01 -5.020614155890261721e-01 8.894052043692238785e-01 -8.831202972573847232e-01 -7.665230553119267709e-01 9.687606892085350863e-01 -2.365792991868447687e-02 7.857964300929652923e-01 9.983438900455454679e-02 1.185416745609179756e+00 1.555182218938644612e+00
-1.830843678812353326e-01 -7.261902708518566119e-01 -9.932463937120480368e-01 -5.695272098801167360e-01 9.576128231184698469e-01 -1.393785660465910015e+00 -2.786568711608919946e-01 -8.076356621292063442e-02 -1.452158592299536810e+00 -2.680239882610085944e-01 7.108720228386947171e-02 -6.914010763271004611e-01
-4.449625317379707345e-02 -2.390846481762259890e-01 1.206576857622173593e+00 7.460089362159324500e-01 6.171511761301767818e-01 3.501574588682376810e-02 -5.362790499418665924e-01 -1.284559548924876671e+00 1.769811934318471280e+00 -5.119569256352971554e-01 1.056184555478166809e+00 8.732923393699808523e-01
-1.642060775291454000e-01 3.963659877016315058e-01 -5.184973736332246785e-01 -1.040618512541158447e+00 3.307099894295884024e-02 -1.815514453534071981e-01 1.323678355695588449e+00 7.300689920817138301e-01 5.012447347750916826e-01 1.014227942339275046e+00 5.143201956972679456e-01 -1.402157642773841917e-01
8.506057741754244339e-02 -1.501031276570103712e+00 -2.413948653236984987e-01 -1.704999077915536176e+00 3.626381787106953136e-01 -1.305514817905535141e+00 -6.858116316303097815e-01 -2.699961350683199313e-01 -1.081241640750437938e+00 -1.993016105055133713e-01 5.020823249985295611e-02 8.818327113583143140e-01
