8.531456677901321228e-01 -1.214501225020123698e+00 -1.369553071240309783e-01 2.024831925886122486e-03 -1.509195871562417191e+00 9.685129849808518654e-02 7.277517016774447400e-01 -1.730299423785908730e-01 2.041818951080643374e-01 -5.289345370343291330e-01 -1.410862277440898538e-01 6.380410196431949288e-01
9.054700559542171456e-01 1.000219341649458693e+00 2.819180569640052092e-02 -4.130587155290406653e-01 -1.119511558052471850e-01 1.349012107891334883e-02 1.716439411563321915e-01 -8.903350117087746041e-01 9.426307920096425041e-01 7.506509555029068637e-02 -5.103745907157567485e-01 -1.132077740959027468e+00
-9.087093662218486134e-01 1.992568137488098523e-01 -2.391022218996158022e-01 -1.467155839381925897e-01 8.334486483010621338e-01 -6.805729282292327653e-01 1.048076944240569519e+00 6.546685004419539045e-01 -2.237000529087515566e-01 9.877674789297022917e-01 8.840702960654547304e-01 2.145397162497441890e-01
-1.891829036141600140e-01 4.758902886944368915e-01 -2.460649154884064216e-01 -7.707888115950749519e-01 -9.239638702442908302e-01 -1.522517604579146422e+00 -1.232740261241596968e+00 -4.610301181126211789e-01 -8.324961444222622742e-01 -1.360688287840965849e+00 6.220425801897427887e-02 6.548676258551098250e-01
-3.033972054785764871e-02 1.149083415222127869e+00 1.679337751565040393e-01 1.147225247588613967e-01 5.676426403796868136e-01 7.355877431403521349e-01 -6.778156361027398713e-02 1.967387757838505280e+00 8.932092280559481567e-01 9.486274315946523483e-01 7.445856137493280791e-01 1.168865797262785611e+00
3.633494044995309261e-03 7.583397290114407552e-01 1.622848833910177202e+00 -2.008699873995949958e-01 2.804489295703806173e-02 -4.683676139008063344e-01 3.795076209325469740e-01 1.628918724514726302e+00 1.271242080936328511e+00 2.882428658401256505e-01 -1.600474714886551020e+00 7.027890237172589316e-01
-1.051423253117975687e+00 7.192787311538090256e-01 -4.777159278861186631e-01 1.059604744567279599e+00 -8.633172201953326352e-01 -7.113059838819152381e-01 8.710874183270399529e-01 -2.007497701392648159e-01 1.043899822368565822e+00 2.710030002478885369e-01 1.312178986861796792e+00 1.595664173189491164e+00
-2.299534550039510628e-01 -4.838392229998560445e-01 -6.778634843749318240e-01 -5.507623017473042282e-01 1.011197267923653609e+00 -1.587205798121335887e+00 -2.259554787856314084e-01 -2.381911558945092600e-01 -1.556050368425184072e+00 -9.309691739843914404e-02 1.761163466082784068e-01 -6.866196109814327597e-01
-4.240807845624650768e-02 -2.940591450438209686e-01 1.420730385222820580e+00 6.025121757147581247e-01 6.206238965584802703e-01 1.288424283317958219e-01 -5.724096823685935753e-01 -1.565484051019944589e+00 1.817032790699972145e+00 -4.879923756906519583e-01 1.227976691757010297e+00 6.718065962462695939e-01
-2.774051059357209720e-02 -8.249181412251845036e-03 -8.367172759137510019e-01 -1.144431592388609475e+00 -3.394269856936862340e-01 -1.042560519930944701e-01 9.909377510467652916e-01 7.382059821174818959e-01 1.361571156696175788e-01 9.036812054388490001e-01 4.225335161729714128e-01 -2.829137729551467473e-01
3.366343609715427010e-01 -1.260546323126267687e+00 -2.668187697277504267e-01 -1.238297242592373726e+00 3.340217925349583394e-01 -1.426549120386657155e+00 -1.070599635700307806e+00 -4.270669983425194882e-01 -1.024325298786552541e+00 -1.457210208042899191e-01 -1.557194495215674657e-02 1.131592088608650570e+00
