7.389530650087302588e-01 -1.203319820547205987e+00 -1.839875157226001090e-01 7.993400105245870857e-02 -1.509195871562417191e+00 9.685129849808518654e-02 7.751255309176777741e-01 -2.476612900059363132e-01 1.621097749686672418e-01 -3.663496991884428455e-01 -3.086717220184982402e-01 7.349122465480266708e-01
9.653884468767901517e-01 9.598331682820486765e-01 2.331551736789317167e-02 -4.184043444557170588e-01 -1.022329011390491760e-01 -2.085748378683222604e-01 4.369787260772874937e-01 -8.903350117087746041e-01 8.614418779989408970e-01 -5.059699304790769847e-03 -5.360513877136711125e-01 -1.088785083588400981e+00
-8.231610107587780112e-01 1.992568137488098523e-01 -2.772185777233222015e-01 -3.898563677217858903e-02 9.812627855697759749e-01 -5.509768206107718003e-01 9.701005230960935144e-01 5.651100164207331078e-01 -2.121188037790178171e-01 9.270749643088467273e-01 1.026464757525818783e+00 1.062848344270417161e-01
-2.594453999294639157e-01 5.849746129248367676e-01 -3.277468858298796528e-01 -8.261664263158899901e-01 -7.994989042665096024e-01 -1.617820704591544034e+00 -1.023962040332982770e+00 -4.940440434510003365e-01 -9.689382455535192618e-01 -1.311917273243702775e+00 1.472572774313488098e-01 4.815966264158731969e-01
-1.599519326719085477e-01 1.076429958813811760e+00 1.452759961128525790e-01 2.535798659442924097e-02 4.149308669040708830e-01 1.014579531351731179e+00 2.653491600544669732e-02 1.843030452690556320e+00 9.563371641398398237e-01 9.486274315946523483e-01 7.765612986583578792e-01 1.044607125789259072e+00
4.367356613341159821e-02 7.542496620408253305e-01 1.721212132649106996e+00 -2.478962207272446816e-01 1.464262577510638541e-01 -5.542205330775793470e-01 4.342974441610160663e-01 1.483434415820546359e+00 1.227190571317228640e+00 4.648736953027875485e-01 -1.603932400721312268e+00 7.451475898206806336e-01
-1.284499486820966707e+00 4.827518245294384336e-01 -3.588411430937007429e-01 9.775231990754782441e-01 -1.011800471068562413e+00 -6.758658038945627444e-01 9.818097530876069845e-01 -2.007497701392648159e-01 1.095069904691100993e+00 1.524488468106177941e-01 1.226356574115492037e+00 1.499053325368258083e+00
-1.710560651008967148e-01 -3.951078226305034247e-01 -6.434194471017015138e-01 -4.999303359846262174e-01 9.560067319147521614e-01 -1.555854758383576453e+00 -1.639601119878348334e-01 -1.813532240432305653e-01 -1.519645845253373206e+00 -1.909997543221549354e-01 1.194401964659852905e-01 -7.164687892294913096e-01
2.957120210518692643e-02 -2.940591450438209686e-01 1.292965407837995073e+00 7.017888201897367617e-01 5.740189627855168952e-01 -1.849193203953983233e-02 -5.271311984616277035e-01 -1.552539866742639774e+00 1.953733144222795648e+00 -4.600302005361449620e-01 1.103845433632244522e+00 7.920705072397667967e-01
-3.729662507466839638e-02 3.991996295517445670e-02 -7.705913839324101122e-01 -9.595094855218760932e-01 -1.990583242789108753e-01 -8.796976440391006402e-02 1.122974217231774929e+00 6.665917608268302486e-01 3.251286719179397044e-01 1.090297134275623803e+00 3.501421008338202467e-01 -2.518906647148840272e-01
3.465361504529986258e-01 -1.283661803082338349e+00 -3.604751930342953714e-01 -1.238297242592373726e+00 2.687018286429820879e-01 -1.368244376506695392e+00 -1.081602007985980496e+00 -2.946186100892151938e-01 -1.024325298786552541e+00 -1.906561437632319639e-02 -1.700845191128624589e-01 9.720003402420104299e-01
