6.882960822298942460e-01 -1.203319820547205987e+00 -2.085348322446425873e-01 7.993400105245870857e-02 -1.509195871562417191e+00 5.996129087295057336e-02 7.545334212353312919e-01 -2.476612900059363132e-01 2.193789407844138895e-01 -3.663496991884428455e-01 -3.086717220184982402e-01 7.183076562839920687e-01
8.843410981479684629e-01 9.598331682820486765e-01 2.331551736789317167e-02 -4.274249535532866351e-01 -1.022329011390491760e-01 -2.085748378683222604e-01 4.392691789766159927e-01 -8.903350117087746041e-01 8.614418779989408970e-01 -5.883243211736716854e-02 -5.360513877136711125e-01 -1.124240278466990928e+00
-8.810151521706498512e-01 1.035688130443403188e-01 -2.430061512012350600e-01 2.640945295565903794e-02 1.031751497421327102e+00 -6.332284314893147359e-01 1.051149334509024813e+00 5.651100164207331078e-01 -1.389237913871508301e-01 8.789103334778232135e-01 1.072929714649247801e+00 1.062848344270417161e-01
-2.564313116871314580e-01 5.849746129248367676e-01 -2.390969642966590536e-01 -8.261664263158899901e-01 -7.994989042665096024e-01 -1.525839836576254438e+00 -1.023962040332982770e+00 -4.940440434510003365e-01 -9.689382455535192618e-01 -1.373858648122318504e+00 1.472572774313488098e-01 4.109971709929761130e-01
-1.599519326719085477e-01 1.076429958813811760e+00 1.229852209470370106e-01 2.535798659442924097e-02 5.302950821783387614e-01 1.014579531351731179e+00 2.653491600544669732e-02 1.832058980466485298e+00 9.563371641398398237e-01 1.016565795387245119e+00 7.765612986583578792e-01 1.091249746105311003e+00
4.783157339002030994e-02 7.542496620408253305e-01 1.721212132649106996e+00 -2.478962207272446816e-01 2.287503985821598973e-01 -5.542205330775793470e-01 4.297404365239835822e-01 1.517203419937597220e+00 1.227190571317228640e+00 4.648736953027875485e-01 -1.701913678860587753e+00 7.451475898206806336e-01
-1.263754106557310353e+00 4.614424444169789585e-01 -4.386695133266274027e-01 9.775231990754782441e-01 -9.676708453506571717e-01 -7.033485662410224881e-01 9.818097530876069845e-01 -1.845355755465444281e-01 1.130368099435884233e+00 1.093441305252658702e-01 1.312178986861796792e+00 1.499053325368258083e+00
-2.576408744248742666e-01 -3.024644279454567486e-01 -6.434194471017015138e-01 -5.507623017473042282e-01 1.034386105684916624e+00 -1.621385021324277309e+00 -1.639601119878348334e-01 -1.028550065926985141e-01 -1.519645845253373206e+00 -1.474120239705995483e-01 1.297701389612835043e-01 -6.332055279811226178e-01
-3.558649026508330787e-02 -2.940591450438209686e-01 1.255673579048334654e+00 6.071885937186892734e-01 7.148321754320243748e-01 -1.372262312090974379e-02 -5.271311984616277035e-01 -1.601260910552706029e+00 1.968541274153549514e+00 -4.600302005361449620e-01 1.039523880892347707e+00 7.684129154777559201e-01
-3.729662507466839638e-02 3.991996295517445670e-02 -6.862487883591017468e-01 -9.790383862910909674e-01 -1.990583242789108753e-01 -8.796976440391006402e-02 1.122974217231774929e+00 6.665917608268302486e-01 4.045217770122833123e-01 1.180669437837717162e+00 2.740959944716440666e-01 -3.219447748001983411e-01
3.541217612254212721e-01 -1.243417082939686891e+00 -3.604751930342953714e-01 -1.205253117877091551e+00 2.687018286429820879e-01 -1.368244376506695392e+00 -1.081602007985980496e+00 -2.946186100892151938e-01 -1.024325298786552541e+00 -1.906561437632319639e-02 -1.267991798596734276e-01 9.720003402420104299e-01
