7.618156036739361925e-01 -1.203319820547205987e+00 -1.804150861539256523e-01 1.710471067702957759e-01 -1.509195871562417191e+00 9.267206335845211418e-02 7.751255309176777741e-01 -2.476612900059363132e-01 1.621097749686672418e-01 -2.108748534946025266e-01 -2.325027029396410649e-01 7.349122465480266708e-01
8.843410981479684629e-01 9.098796463978369164e-01 1.457484963554780792e-02 -4.184043444557170588e-01 -1.322759719918386589e-01 -1.745927738247658734e-01 3.390302297982322743e-01 -8.903350117087746041e-01 8.614418779989408970e-01 -5.059699304790769847e-03 -5.029424755573026484e-01 -1.065369123350877967e+00
-9.105757763705333296e-01 2.811771794015950898e-01 -2.772185777233222015e-01 -3.898563677217858903e-02 9.812627855697759749e-01 -5.224783793298835022e-01 9.701005230960935144e-01 5.637911870440308615e-01 -2.121188037790178171e-01 9.270749643088467273e-01 1.077481933172573791e+00 1.597574626745926762e-01
-2.827623099549244623e-01 5.849746129248367676e-01 -3.277468858298796528e-01 -8.261664263158899901e-01 -8.541391358081446006e-01 -1.616013445917534597e+00 -1.023962040332982770e+00 -4.940440434510003365e-01 -9.689382455535192618e-01 -1.311917273243702775e+00 8.561088529189440910e-02 4.815966264158731969e-01
-1.599519326719085477e-01 1.050268307162603998e+00 3.048259730369702325e-01 2.535798659442924097e-02 5.100133466462304366e-01 1.089814885045140347e+00 2.653491600544669732e-02 1.832058980466485298e+00 1.027583367268499082e+00 9.486274315946523483e-01 7.765612986583578792e-01 1.091249746105311003e+00
4.783157339002030994e-02 7.145997785296380744e-01 1.686158678575709002e+00 -2.478962207272446816e-01 6.335863916604524138e-02 -6.068748344727179500e-01 4.218607163273546123e-01 1.517203419937597220e+00 1.145212563266918782e+00 4.648736953027875485e-01 -1.702546534310660498e+00 7.451475898206806336e-01
-1.226561135176007289e+00 5.504220523921612429e-01 -3.853113908644319463e-01 9.775231990754782441e-01 -1.011800471068562413e+00 -5.990022712251286130e-01 1.064563330601420388e+00 -2.007497701392648159e-01 9.813610372787224811e-01 2.057334209176396866e-01 1.312178986861796792e+00 1.499053325368258083e+00
-1.710560651008967148e-01 -4.084216085324117729e-01 -6.434194471017015138e-01 -5.730664890612636730e-01 8.132965897402604227e-01 -1.555854758383576453e+00 -2.095287870344280101e-01 -1.813532240432305653e-01 -1.530667108263039422e+00 -1.474120239705995483e-01 1.194401964659852905e-01 -7.164687892294913096e-01
9.882408317523308505e-03 -2.940591450438209686e-01 1.292965407837995073e+00 6.025121757147581247e-01 6.587178036007166337e-01 6.768476587620872453e-02 -6.122066894239103219e-01 -1.509056247090417635e+00 2.054744666251400176e+00 -4.879923756906519583e-01 1.103845433632244522e+00 7.684129154777559201e-01
-3.729662507466839638e-02 3.991996295517445670e-02 -6.862487883591017468e-01 -8.717176278099441067e-01 -1.990583242789108753e-01 -8.796976440391006402e-02 1.122974217231774929e+00 6.665917608268302486e-01 4.045217770122833123e-01 1.162208093116500640e+00 4.095968020000844145e-01 -1.574530432353530296e-01
3.541217612254212721e-01 -1.243417082939686891e+00 -3.604751930342953714e-01 -1.238297242592373726e+00 2.687018286429820879e-01 -1.368244376506695392e+00 -9.145009006956568154e-01 -2.946186100892151938e-01 -1.024325298786552541e+00 -1.906561437632319639e-02 -8.576539857407763923e-02 9.115789442756195848e-01
