7.389530650087302588e-01 -1.203319820547205987e+00 -2.085348322446425873e-01 7.993400105245870857e-02 -1.499540392090848995e+00 8.812590011841377191e-02 7.751255309176777741e-01 -2.476612900059363132e-01 1.621097749686672418e-01 -3.663496991884428455e-01 -2.338262957947169762e-01 7.349122465480266708e-01
9.653884468767901517e-01 9.598331682820486765e-01 2.331551736789317167e-02 -4.184043444557170588e-01 -1.022329011390491760e-01 -2.085748378683222604e-01 4.048672685726392162e-01 -8.903350117087746041e-01 8.614418779989408970e-01 -5.059699304790769847e-03 -5.360513877136711125e-01 -1.132077740959027468e+00
-8.231610107587780112e-01 1.992568137488098523e-01 -2.041615515199980968e-01 7.240662489230498267e-03 9.812627855697759749e-01 -5.509768206107718003e-01 9.701005230960935144e-01 5.878347435560794532e-01 -2.121188037790178171e-01 1.024997481149294565e+00 1.026464757525818783e+00 1.062848344270417161e-01
-2.594453999294639157e-01 5.401965714328377244e-01 -3.277468858298796528e-01 -8.261664263158899901e-01 -7.366552164414785775e-01 -1.617820704591544034e+00 -1.102365725174806022e+00 -5.360573030335825662e-01 -9.689382455535192618e-01 -1.311917273243702775e+00 2.096285347137902821e-01 4.815966264158731969e-01
-1.599519326719085477e-01 1.076429958813811760e+00 1.452759961128525790e-01 2.535798659442924097e-02 3.792440011362501751e-01 1.014579531351731179e+00 2.653491600544669732e-02 1.843030452690556320e+00 9.563371641398398237e-01 9.486274315946523483e-01 6.877523835829180143e-01 1.044607125789259072e+00
4.783157339002030994e-02 6.704591817422592692e-01 1.721212132649106996e+00 -2.478962207272446816e-01 1.464262577510638541e-01 -5.542205330775793470e-01 4.342974441610160663e-01 1.483434415820546359e+00 1.227190571317228640e+00 4.648736953027875485e-01 -1.701913678860587753e+00 7.451475898206806336e-01
-1.284499486820966707e+00 3.984888531169747394e-01 -4.232176218150047742e-01 9.894616385077272813e-01 -9.490154288288319417e-01 -6.758658038945627444e-01 9.818097530876069845e-01 -2.007497701392648159e-01 1.095069904691100993e+00 2.057334209176396866e-01 1.226356574115492037e+00 1.466523930985343505e+00
-1.710560651008967148e-01 -3.951078226305034247e-01 -6.434194471017015138e-01 -4.999303359846262174e-01 9.560067319147521614e-01 -1.555854758383576453e+00 -1.639601119878348334e-01 -1.813532240432305653e-01 -1.519645845253373206e+00 -1.474120239705995483e-01 1.194401964659852905e-01 -7.164687892294913096e-01
2.957120210518692643e-02 -2.940591450438209686e-01 1.292965407837995073e+00 5.535165507295111142e-01 6.414795022682477921e-01 6.768476587620872453e-02 -5.271311984616277035e-01 -1.552539866742639774e+00 1.953733144222795648e+00 -4.600302005361449620e-01 1.117905325807938777e+00 7.684129154777559201e-01
8.307791204529652029e-03 3.991996295517445670e-02 -7.705913839324101122e-01 -9.595094855218760932e-01 -1.990583242789108753e-01 -8.796976440391006402e-02 1.200638947608079654e+00 6.665917608268302486e-01 3.251286719179397044e-01 1.090297134275623803e+00 3.501421008338202467e-01 -2.433732919039149900e-01
3.541217612254212721e-01 -1.353113988575568527e+00 -3.604751930342953714e-01 -1.238297242592373726e+00 2.687018286429820879e-01 -1.304177811832849754e+00 -1.081602007985980496e+00 -2.946186100892151938e-01 -9.852101011254377205e-01 2.872917059737829099e-02 -7.570509022926594223e-03 9.720003402420104299e-01
