5.888076259367672760e-01 -1.095099649712294010e+00 8.215702247002432124e-02 -3.850095077799932097e-01 -1.249860515270601269e+00 -5.944374095313197104e-02 7.810244816674152268e-01 -9.414667185413061468e-02 3.722492102334329922e-01 -8.804802130665044801e-01 -3.199696554014092031e-01 3.899788131607977437e-01
7.952905163533479094e-01 8.310091626946620735e-01 1.854412703927144357e-01 -4.702778892270445543e-01 -2.974205681655208711e-01 -4.779151606572010214e-01 2.903246213156866484e-01 -5.983131935770817922e-01 6.242337836184566058e-01 1.143582231176030473e-01 -4.610916715701476321e-01 -6.915014279201064928e-01
-9.304562142048043993e-01 6.118914476603537489e-03 1.090293471928653612e-01 -1.162382281936462369e-02 1.099150734374837235e+00 -2.386859326904314238e-01 8.279356524492379465e-01 2.419127319626070138e-01 3.568621619817190921e-02 4.286096260104065303e-01 5.962741423302694299e-01 4.693330828403726729e-01
-4.176526837744497511e-01 3.007175103872302691e-01 -1.290765289962531315e-01 -6.471292174788780827e-01 -9.697328758296768214e-01 -1.451185722775356401e+00 -5.386320235706826276e-01 -6.411999419064282613e-01 -1.025420961920786134e+00 -6.132466322494427580e-01 -2.513643050946100591e-02 1.249462596965433381e+00
-1.940119757165773007e-01 1.239096612256753493e+00 4.081621935648059307e-01 -2.439951606858151711e-01 2.142439150130762693e-01 8.386872618071404828e-01 2.876580455083606047e-01 1.765665240967641658e+00 7.843097065012702984e-01 6.130940589148333730e-01 4.169523484830757742e-01 1.031561761909138619e+00
-2.293549223291321826e-01 4.685562960118564435e-01 1.550823213169921333e+00 -3.975847896915590263e-01 2.164897541717761276e-01 -5.150206978668230295e-01 3.732362926866377162e-01 1.347926759764864091e+00 1.038483507820373131e+00 4.415079273062102461e-01 -1.498003222011184299e+00 6.663322777618996273e-01
-8.846369493918361249e-01 4.323537569480268017e-01 -7.101783230305296346e-01 8.864795979808113291e-01 -2.792119321648057761e-01 -9.536775879712631188e-01 9.571297293627185621e-01 -1.275365030825090229e-01 1.478968202476178107e+00 2.216070954395463199e-02 1.578288264033301136e+00 1.644226730745121046e+00
-3.047684699376640438e-01 -3.748672004556319326e-02 -4.370670563428991073e-01 -4.085563724172741606e-01 7.357247043335970460e-01 -1.399436898931567974e+00 -2.722083593762029130e-01 4.528004047767311691e-02 -7.125038102616281233e-01 -3.283816383247789017e-01 2.148816207909678977e-01 -6.665712204940515972e-01
7.476374167795246661e-02 -3.092558913133519605e-01 1.482860261926764123e+00 6.841029962557220179e-01 3.594325247284397284e-01 1.296391614600379827e-02 -4.709602028549674246e-01 -1.426693786893027838e+00 1.786625762930621031e+00 -2.948811647812341064e-01 9.868958378300966006e-01 4.934222331113115589e-01
3.588129487396491957e-01 -2.786581917184838830e-01 -7.661221987375996800e-01 -1.010971970633886219e+00 1.577960981432938170e-02 -3.815449419161767719e-02 1.257514886375202812e+00 1.005656781890363755e-01 4.754011205033619181e-01 1.196669014961396993e+00 4.048390061240524362e-01 -5.871132188373583416e-01
2.301231440675896578e-01 -1.421007088470313651e+00 -3.276459495683772261e-01 -7.624700975392373348e-01 7.160881981774653848e-01 -8.619032630239925608e-01 -8.575613156732816433e-01 -8.206458746303339769e-02 -7.916417387982244147e-01 -6.323731957929872305e-01 -2.475060830306732296e-01 1.061816570018656147e+00
