7.402164879716636170e-01 -1.014749170983157533e+00 1.106420092236101993e-01 -4.758354230911390204e-01 -1.196111225037702175e+00 -5.944374095313197104e-02 7.965974208530578471e-01 -1.662104688412682219e-01 3.782632215068244541e-01 -7.911085559738344486e-01 -3.799711405379528895e-01 5.807503494742893846e-01
8.132551763682972501e-01 8.489530284500873547e-01 2.177996472336014011e-01 -4.382954529311550718e-01 -2.763602006928195798e-01 -4.388187570443617402e-01 2.903246213156866484e-01 -6.931135257718636922e-01 6.680606906037497295e-01 9.386454863482816824e-02 -4.785764975760545825e-01 -5.767997859055272736e-01
-9.686952106824564535e-01 2.007445693499122774e-03 -2.562797158216018056e-02 -8.976077523429404348e-02 1.214972306143708547e+00 -3.040911271004357319e-01 8.524726299344131952e-01 1.691012173004026453e-01 -5.611215303977960117e-03 4.386251593094954715e-01 5.722060501952535017e-01 2.736616271784824139e-01
-3.829309915585823454e-01 3.673763316342206764e-01 -3.039456058659426030e-02 -4.116763051566748599e-01 -8.638227332999105501e-01 -1.451185722775356401e+00 -4.148982741282488673e-01 -6.050147468801279071e-01 -1.017594967053417232e+00 -6.054941259970442191e-01 7.052208109024481197e-03 1.037018408963833238e+00
-2.402011484370213945e-01 1.444713324547784117e+00 4.081621935648059307e-01 -1.659695232085609540e-01 1.631639252559190512e-01 7.831005657451237667e-01 2.876580455083606047e-01 1.766528316361638096e+00 7.857459227857237494e-01 7.474086248836483426e-01 4.109600853798650033e-01 1.105039557106822334e+00
-1.789026699010267674e-01 4.341877502604492012e-01 1.515549985307152125e+00 -3.632766180896275787e-01 1.151533769998220186e-01 -5.413392622826698197e-01 2.963341610155983963e-01 1.240295814604636337e+00 9.389634311334177363e-01 6.478841372348973504e-01 -1.594281924627422020e+00 7.330283218643128818e-01
-9.497142907339712892e-01 6.329158821068281426e-01 -6.458558343210871744e-01 9.753634893253704252e-01 -3.204441655881394846e-01 -8.488016350547946676e-01 1.024082609115895881e+00 -1.675329086138374612e-01 1.509562712885821112e+00 -8.674002565390095953e-05 1.454450894962273644e+00 1.379095404847594963e+00
-3.874940728965600711e-01 -7.559239747838714281e-03 -6.140487431238524918e-01 -3.897401711934471713e-01 7.842382496681894466e-01 -1.538400957386029999e+00 -2.298047632119710471e-01 -9.366103585082413696e-05 -6.573513785496722939e-01 -1.987900332334409104e-01 2.127454442348757913e-01 -6.838260356313475841e-01
1.459354665536564122e-01 -3.358089192686760649e-01 1.456618835838190629e+00 7.179474967011397757e-01 4.010499622315594759e-01 1.127381660115632789e-01 -4.166767511809720270e-01 -1.391374882210185016e+00 1.706285198530414382e+00 -3.102132557157049608e-01 1.048773876602072663e+00 5.015124210425814244e-01
4.223134427777943678e-01 -2.786581917184838830e-01 -8.533189644555867481e-01 -1.103177817300381891e+00 5.955390180988218152e-02 -9.374990894254250917e-02 1.299499405299494370e+00 1.686900955161964866e-01 5.543168089233782014e-01 1.148450347783893655e+00 3.735828799883730289e-01 -6.017867371955012423e-01
2.802709147242393728e-01 -1.376115093545975165e+00 -3.842838901707920085e-01 -6.327317439214998895e-01 7.160881981774653848e-01 -9.674241070010256571e-01 -8.033657960982304447e-01 -6.089681264454757659e-02 -1.119926733098321137e+00 -5.989208392098264166e-01 -3.387920497076643001e-01 1.061816570018656147e+00
