7.884541311049397816e-01 -1.007077004214913751e+00 4.682612654003943248e-02 -4.758354230911390204e-01 -1.196111225037702175e+00 -5.944374095313197104e-02 9.343344792152636913e-01 -8.434698563529791082e-02 3.782632215068244541e-01 -8.804802130665044801e-01 -4.768842589945053723e-01 6.620119487259372715e-01
8.132551763682972501e-01 8.108821364709226653e-01 1.854412703927144357e-01 -4.383810398240590711e-01 -2.653265299699590352e-01 -4.308945969190620118e-01 2.903246213156866484e-01 -6.232921983423990175e-01 6.378623608737122863e-01 1.129465131968000746e-01 -3.961200557513399612e-01 -6.500153410379938546e-01
-9.686952106824564535e-01 -1.534179487084962393e-02 -2.562797158216018056e-02 3.650157885708274486e-02 1.111082336511851398e+00 -3.290034141561295478e-01 8.957948769255801302e-01 2.419127319626070138e-01 -2.522385193942336401e-03 3.985046781459853360e-01 4.954942541529028244e-01 2.736616271784824139e-01
-3.604742365135067406e-01 3.180970379848387930e-01 -6.724319265922133748e-02 -5.098737537884556748e-01 -9.570647871587335542e-01 -1.472680517805661893e+00 -5.386320235706826276e-01 -6.510675352283874506e-01 -1.017594967053417232e+00 -6.808389885113218520e-01 -2.428053253775697834e-03 1.109074739015434741e+00
-3.478056605330380191e-01 1.275295576606386039e+00 4.081621935648059307e-01 -2.439951606858151711e-01 3.091208696757037910e-01 8.036542146677551068e-01 2.354120554510558683e-01 1.721243844349128249e+00 7.483233278096892427e-01 7.474086248836483426e-01 4.027864417851706458e-01 1.105039557106822334e+00
-1.789026699010267674e-01 6.740275279986780443e-01 1.564671091096237809e+00 -2.125037158451048014e-01 7.873319128734010408e-02 -6.270483951844266768e-01 2.785238122711052311e-01 1.256560091099007126e+00 1.010330484683666930e+00 6.403391864016213519e-01 -1.501649895389971956e+00 7.330283218643128818e-01
-9.497142907339712892e-01 7.374798676980904855e-01 -6.741951845421184641e-01 9.007338057656082420e-01 -3.830613290619279687e-01 -8.488016350547946676e-01 1.066069409838164450e+00 -1.106512895710326516e-01 1.488560261670553775e+00 5.666877798213554307e-02 1.454450894962273644e+00 1.578286140455701370e+00
-4.590184121462127509e-01 -7.559239747838714281e-03 -5.305140017858852586e-01 -3.897401711934471713e-01 7.364400093659384527e-01 -1.489843774083267958e+00 -2.680131890088273128e-01 3.588184045287044766e-02 -7.552852480723752926e-01 -1.987900332334409104e-01 2.816891644087006763e-01 -8.142213993331081090e-01
2.672129237966211490e-01 -4.237269313418491334e-01 1.386754809195895666e+00 6.492038586638164688e-01 4.010499622315594759e-01 1.734459623000483841e-01 -5.340625986722801199e-01 -1.317365465920665946e+00 1.706285198530414382e+00 -3.102132557157049608e-01 1.123818688565470403e+00 4.432341414507603439e-01
3.729541950862448330e-01 -2.382178269635381040e-01 -8.533189644555867481e-01 -1.192647967978474721e+00 -7.967308123679883725e-02 -9.374990894254250917e-02 1.227967097872870950e+00 1.686900955161964866e-01 5.714072360325868072e-01 1.120812513776266783e+00 4.302167162603358630e-01 -5.832099669808944453e-01
3.229617786718875228e-01 -1.419006024358735463e+00 -4.409482882215784993e-01 -7.486534847503244494e-01 7.160881981774653848e-01 -9.674241070010256571e-01 -8.033657960982304447e-01 -6.923699504766714363e-02 -9.771565186927057001e-01 -6.262897299081530145e-01 -3.387920497076643001e-01 1.061816570018656147e+00
