7.402164879716636170e-01 -1.007077004214913751e+00 4.682612654003943248e-02 -4.758354230911390204e-01 -1.196111225037702175e+00 -4.764583240687124410e-02 7.201526822408306217e-01 -1.370298976327448681e-01 3.782632215068244541e-01 -8.804802130665044801e-01 -4.570335817881369667e-01 5.914609803454177195e-01
8.132551763682972501e-01 8.153516857751095248e-01 1.854412703927144357e-01 -4.077196350664997748e-01 -2.653265299699590352e-01 -4.308945969190620118e-01 2.903246213156866484e-01 -6.870917796013680245e-01 6.378623608737122863e-01 2.967583092850929749e-02 -4.444043807274209446e-01 -6.500153410379938546e-01
-1.033329598358117885e+00 2.007445693499122774e-03 -2.562797158216018056e-02 3.650157885708274486e-02 1.177445214647249161e+00 -2.597186368142482826e-01 9.289442883739775780e-01 2.331820946878535306e-01 -2.522385193942336401e-03 3.985046781459853360e-01 5.722060501952535017e-01 2.736616271784824139e-01
-3.965771257867520827e-01 3.673763316342206764e-01 -1.097015437089436662e-02 -5.098737537884556748e-01 -8.786020712220460327e-01 -1.356237594286066939e+00 -6.148403966348181537e-01 -6.148954742731137513e-01 -9.814227995758483258e-01 -7.562405553320727947e-01 -8.948884519315004893e-03 1.109074739015434741e+00
-2.590533417216996925e-01 1.275295576606386039e+00 3.536035753083431876e-01 -2.439951606858151711e-01 2.142439150130762693e-01 7.570819606925998091e-01 2.361304090303788794e-01 1.719777048609308689e+00 8.050118316238438210e-01 7.474086248836483426e-01 4.027864417851706458e-01 1.105039557106822334e+00
-1.488416131460687519e-01 5.791780622933699885e-01 1.564671091096237809e+00 -2.257454772555629319e-01 1.422322132023320362e-01 -6.513290792294761378e-01 2.785238122711052311e-01 1.156063823828372694e+00 9.389634311334177363e-01 5.975010760573300495e-01 -1.501649895389971956e+00 8.070848407178085049e-01
-9.497142907339712892e-01 6.984904647069514194e-01 -6.458558343210871744e-01 9.007338057656082420e-01 -3.011296572532990434e-01 -8.488016350547946676e-01 1.024082609115895881e+00 -2.043788826381771062e-01 1.484717738891914163e+00 9.915810340603362083e-02 1.467027662908176877e+00 1.551606759679402092e+00
-4.590184121462127509e-01 -9.860966935516793375e-02 -6.368504805194404872e-01 -3.897401711934471713e-01 7.943064031558528804e-01 -1.541995659812220199e+00 -2.680131890088273128e-01 -1.610469708205534978e-02 -7.209288055086302549e-01 -1.987900332334409104e-01 2.816891644087006763e-01 -7.442868933282538180e-01
2.672129237966211490e-01 -3.358089192686760649e-01 1.391237493885053134e+00 6.492038586638164688e-01 4.010499622315594759e-01 1.734459623000483841e-01 -4.819786965398486500e-01 -1.376232085027242258e+00 1.706285198530414382e+00 -3.496747039352102737e-01 1.114597926379216508e+00 4.934222331113115589e-01
3.976666819082359527e-01 -2.875297875991536523e-01 -8.533189644555867481e-01 -1.192647967978474721e+00 -7.821693829664548570e-02 -5.010067965964505599e-02 1.227967097872870950e+00 1.686900955161964866e-01 7.107736274772851193e-01 1.086049238472337031e+00 4.302167162603358630e-01 -5.832099669808944453e-01
2.301231440675896578e-01 -1.322303933394718189e+00 -5.262112965766290174e-01 -7.056745406065461079e-01 7.160881981774653848e-01 -9.686388509627427146e-01 -8.033657960982304447e-01 -3.005596719250385601e-02 -9.771565186927057001e-01 -5.875507202373918547e-01 -2.712283350897832790e-01 9.779916662837058183e-01
