2.344659684827967716e-01 -9.135167418899536873e-01 4.829002978452081596e-01 -5.824354128673142617e-01 -1.250527123887121617e+00 -4.386356136421541430e-01 1.208246496570150930e+00 -9.176523768334318709e-02 4.186415680033607201e-01 -5.206709670512901234e-01 -6.627838317663161671e-01 7.481495169699361458e-01
4.013816262307691729e-01 5.056278611387253763e-01 9.839045027883759620e-02 2.266574963013745780e-01 1.908364128746108668e-01 -2.738547332186000438e-01 -8.166207966129446216e-02 -8.917013904330287621e-01 5.247353583079252815e-01 1.800690206821367045e-01 1.823599647767831788e-01 -2.040957070230117187e-01
-3.848343077518656674e-01 9.525362071644531969e-01 -3.725168422544217206e-01 -9.080552490116952646e-02 3.987652289287287322e-01 -3.626538101141607018e-01 6.871551736066040528e-01 5.449665021212327098e-02 -3.547125726468848828e-01 6.857706369309941596e-01 2.634426077031532532e-01 4.682590549584957906e-01
-1.444364993528288454e-01 -3.773195255269639059e-01 -4.486926766557037261e-01 -4.138764510353688530e-01 -6.492868718269970696e-01 -5.256743829895066389e-01 -9.490600298074242103e-01 -5.078579795701329003e-01 -8.300283747108068155e-01 -9.961066715807029293e-02 4.409238306155658371e-01 8.788681709200494296e-01
2.347034961514140594e-01 1.078492978251724077e+00 1.386274331208514621e-01 -6.190788483951548127e-01 -4.812074631197283403e-01 9.172563205932985353e-01 5.502110421380524974e-01 9.865456957912471792e-01 1.109011344309671410e+00 -2.648964298697477626e-01 1.157860609457994905e-01 1.044962764190204618e+00
5.600024193582925358e-01 5.453255076496813514e-01 1.187601353904339740e+00 -2.307453624585356355e-01 1.022162243734870725e-02 -1.927142843687952301e-01 1.186037963933138206e+00 6.439374394836692161e-01 -9.822907064889760398e-02 -3.365523827172310356e-01 -1.136918075663477801e+00 5.589581085414513373e-01
-1.080926475140546739e+00 8.653293953066290012e-01 -1.705418870074560944e-01 9.388662963103250325e-01 2.953570715809636926e-01 -8.640060606354144079e-01 8.179614547389030266e-01 -7.720494833587190353e-01 1.069930963942115065e+00 -1.248661896720580505e-01 8.798548734597918530e-01 6.701082846341157584e-01
2.971609033628949126e-01 2.534889794982869704e-01 3.288886278512469508e-01 2.885414257763031509e-01 3.936080311483428629e-01 -8.878231110164530593e-01 -4.641178517897606159e-01 -4.631239080454244150e-01 -9.896586560616691397e-01 -1.921677023578008126e-01 4.080835254034828607e-01 -3.048831183669718503e-01
-3.542858104893450294e-02 -8.028269210494829444e-01 1.434032345813619713e+00 2.286296026295167871e-01 5.581430673723779545e-01 9.267216320795859663e-02 2.793739740853630749e-01 -8.040556912140731649e-01 1.013232997683952030e+00 -2.651436127839136569e-02 3.662268877187602190e-01 -2.657137111181194777e-01
5.666862591059909082e-01 -6.188799592839321073e-02 -1.059416223310823524e+00 -1.230832542816275188e+00 5.388477427564429822e-01 2.683865560804458983e-03 5.391162194229550675e-01 3.692147633177095822e-01 4.095127838969524481e-01 1.774254575101567033e-01 4.298149794716986105e-01 1.122041904574888616e+00
6.298286161677159045e-01 -5.333298074525273380e-01 -2.156567929234062819e-01 -4.035097684936419515e-01 3.736855468593478502e-01 -1.189551612330605468e-02 -6.494430597568549846e-02 -3.410591480950959098e-01 -3.178161524343275368e-01 -4.491508549557527430e-01 3.325349824725196690e-01 1.718980666032506321e-01
