2.310197368032770315e-01 -8.610892081245830054e-01 4.829002978452081596e-01 -5.254241880753496297e-01 -1.250527123887121617e+00 -4.386356136421541430e-01 1.265956011964167072e+00 -9.176523768334318709e-02 3.422625077709820496e-01 -4.805467299167731632e-01 -6.627838317663161671e-01 7.907406082425219029e-01
3.519445884458428653e-01 4.323120975324976079e-01 9.427936223605137833e-02 2.844349692858315626e-01 1.908364128746108668e-01 -2.273666814132277170e-01 -3.065684129354158405e-02 -8.257603727897280255e-01 5.247353583079252815e-01 1.172027485107511174e-01 1.155649452503205443e-01 -2.896441553492173360e-01
-3.848343077518656674e-01 9.508852558738946081e-01 -3.530639816509246187e-01 -9.080552490116952646e-02 3.987652289287287322e-01 -3.626538101141607018e-01 6.871551736066040528e-01 9.521539959129268760e-02 -2.911014831191677810e-01 6.857706369309941596e-01 2.634426077031532532e-01 5.629302650840464217e-01
-8.076375062458249210e-02 -3.526052705518427643e-01 -5.275225029580686842e-01 -3.918296852151413323e-01 -4.923877308859348489e-01 -5.256743829895066389e-01 -9.490600298074242103e-01 -5.590503045281193240e-01 -8.581050453690334257e-01 6.633307207994001975e-02 4.409238306155658371e-01 8.861212800976204784e-01
2.347034961514140594e-01 9.802537460234225231e-01 2.304650831883622297e-01 -6.094678161838781305e-01 -5.486994497985510089e-01 9.172563205932985353e-01 4.955841677082148955e-01 9.865456957912471792e-01 1.109011344309671410e+00 -2.648964298697477626e-01 1.157860609457994905e-01 9.780315978253293352e-01
4.740733826876875057e-01 5.453255076496813514e-01 1.144796970497250044e+00 -3.124684780149656893e-01 1.022162243734870725e-02 -1.087993003282622939e-01 1.152021204505603080e+00 6.439374394836692161e-01 -9.822907064889760398e-02 -3.279316518904436539e-01 -1.029099364293155183e+00 5.461229180022578733e-01
-1.080926475140546739e+00 7.881118904532327107e-01 -1.705418870074560944e-01 9.056165372868812957e-01 2.132529147230752820e-01 -8.124151245079199724e-01 8.179614547389030266e-01 -7.720494833587190353e-01 1.069930963942115065e+00 -1.339192766112976829e-01 9.036899684941520627e-01 6.424452656289882935e-01
2.971609033628949126e-01 2.306259516567993884e-01 3.564717903206622296e-01 2.885414257763031509e-01 2.944597567245330061e-01 -9.205382973297581151e-01 -5.636378699953721316e-01 -4.444513289449500970e-01 -1.002399933818637123e+00 -2.020077448426586542e-01 4.080835254034828607e-01 -2.914745176355076350e-01
-1.080230378571356287e-01 -8.028269210494829444e-01 1.429016965697460284e+00 2.286296026295167871e-01 5.958285778741632122e-01 1.587093178742798039e-01 2.793739740853630749e-01 -8.040556912140731649e-01 1.040172988479001637e+00 -2.651436127839136569e-02 3.823516571662238794e-01 -2.657137111181194777e-01
5.666862591059909082e-01 -1.032737400351749907e-01 -1.059416223310823524e+00 -1.230832542816275188e+00 5.388477427564429822e-01 2.683865560804458983e-03 5.391162194229550675e-01 3.692147633177095822e-01 4.095127838969524481e-01 1.963000903363209815e-01 4.298149794716986105e-01 1.122041904574888616e+00
6.298286161677159045e-01 -5.788210257836123862e-01 -2.156567929234062819e-01 -4.035097684936419515e-01 3.736855468593478502e-01 -1.189551612330605468e-02 -6.494430597568549846e-02 -3.410591480950959098e-01 -4.079148482335378523e-01 -5.371654431725114698e-01 3.325349824725196690e-01 2.490086262478614643e-01
