8.371539022461524371e-02 -7.665753471014591369e-01 5.128708527899304981e-01 -5.274745651055063878e-01 -1.093402254640041482e+00 -4.386356136421541430e-01 1.239403702583531830e+00 -5.435529884884311713e-02 3.256400434821836720e-01 -3.755401245118011877e-01 -5.115335895657313614e-01 8.706106969890232694e-01
2.891706950311353497e-01 6.212885335253293118e-01 5.896867255778892591e-02 2.736881604108439836e-01 2.024632016364984743e-01 -2.115487699185656933e-01 -3.065684129354158405e-02 -9.485187147891389614e-01 5.999764360612199754e-01 2.809949733368285463e-01 1.633796092488762342e-01 -2.312895144194839492e-01
-3.848343077518656674e-01 8.468576348653480412e-01 -3.945395678976690301e-01 -1.811213761415423618e-01 3.250342556255471638e-01 -2.783252331335689389e-01 6.871551736066040528e-01 -9.044922284249021227e-02 -4.353150641713464108e-01 7.556412525149119874e-01 1.979434694806652684e-01 3.617564629406174737e-01
7.642451335531461054e-02 -2.871577071688249383e-01 -5.008661090587299691e-01 -2.376081269947489527e-01 -5.685566605788640038e-01 -5.256743829895066389e-01 -9.149374262450975515e-01 -5.078316296283749143e-01 -7.339767262581591289e-01 -3.131165003336415509e-02 3.832766466327341415e-01 9.922546227016131315e-01
3.271052431093215973e-01 1.042128747938852573e+00 1.040107791363166501e-01 -6.163779786199241606e-01 -3.821559399503597909e-01 9.629436950761449676e-01 6.098674329904922864e-01 9.865456957912471792e-01 1.109011344309671410e+00 -2.648964298697477626e-01 1.157860609457994905e-01 1.140595603361827859e+00
6.236969888951677810e-01 6.392568698080832723e-01 1.121535356840082320e+00 -1.860358728491444957e-01 -4.468798391583752791e-03 -1.308201510016891167e-01 1.200879326344924447e+00 4.898368165683482656e-01 -2.214367567858810393e-01 -4.883409348908320236e-01 -9.427296651507667269e-01 5.589581085414513373e-01
-1.162334211348125868e+00 9.017753904047998148e-01 -1.705418870074560944e-01 9.056165372868812957e-01 2.820817185353162171e-01 -8.248371017884423839e-01 8.749032792903191913e-01 -7.751347204439138494e-01 9.446066861012355487e-01 -9.865724616155278903e-02 8.476046860630388480e-01 6.701520095650073117e-01
2.655948552220160908e-01 1.365974448639290517e-01 2.631516121035414324e-01 3.637635473771016481e-01 9.180022768270949818e-02 -8.879124925183977668e-01 -5.661728640569323456e-01 -4.862631762934507273e-01 -8.518200397354191988e-01 -2.073089271061094307e-01 3.995808226313948830e-01 -3.357395288546715095e-01
-1.851435965827127883e-02 -8.247780786922067620e-01 1.550413552598164602e+00 1.289423759120288393e-01 5.282731730540481951e-01 8.952004055236006952e-02 2.793739740853630749e-01 -7.779947580123309780e-01 1.182038695601494549e+00 1.330027772350048099e-01 3.761424432336492041e-01 -1.580126681833245450e-01
5.936176376455023496e-01 -1.331046424793821958e-01 -1.012892878402099406e+00 -1.213814733747243579e+00 6.349045652648656057e-01 -7.445754189953596169e-02 4.495303014702092814e-01 2.854276162407876072e-01 4.095127838969524481e-01 2.109965515999324692e-01 4.070098341592965907e-01 9.929021332367322650e-01
5.633072056296658525e-01 -5.574643417484840269e-01 -2.156567929234062819e-01 -4.035097684936419515e-01 4.608419932417628928e-01 -1.189551612330605468e-02 1.162657628558630973e-01 -4.059324073285346390e-01 -4.777030350295903838e-01 -4.753619764693173821e-01 1.661707452220629322e-01 1.718980666032506321e-01
