2.310197368032770315e-01 -8.610892081245830054e-01 5.783272810790927032e-01 -6.246914867548292172e-01 -1.250527123887121617e+00 -4.386356136421541430e-01 1.140961868127664536e+00 -3.009866653719689422e-03 4.186415680033607201e-01 -4.805467299167731632e-01 -6.858263484894128181e-01 7.907406082425219029e-01
4.095818503230840291e-01 3.549409531225022341e-01 9.427936223605137833e-02 2.844349692858315626e-01 1.908364128746108668e-01 -2.273666814132277170e-01 -6.088876563622862975e-02 -9.506975973965048343e-01 4.456149848433311744e-01 1.800690206821367045e-01 1.205987033437342926e-01 -2.896441553492173360e-01
-3.848343077518656674e-01 9.508852558738946081e-01 -3.530639816509246187e-01 -9.080552490116952646e-02 3.987652289287287322e-01 -3.626538101141607018e-01 6.871551736066040528e-01 6.604344411591367425e-02 -3.412666581248959830e-01 6.857706369309941596e-01 2.634426077031532532e-01 4.682590549584957906e-01
-8.076375062458249210e-02 -3.526052705518427643e-01 -5.641791290102653456e-01 -3.179106515328706806e-01 -5.600094546985788790e-01 -5.288487803933904496e-01 -9.490600298074242103e-01 -5.078579795701329003e-01 -8.300283747108068155e-01 6.633307207994001975e-02 4.409238306155658371e-01 8.861212800976204784e-01
2.347034961514140594e-01 1.078492978251724077e+00 2.304650831883622297e-01 -6.190788483951548127e-01 -5.401491736383879916e-01 9.172563205932985353e-01 5.474054488202999558e-01 9.865456957912471792e-01 1.109011344309671410e+00 -2.648964298697477626e-01 1.792342198838695611e-01 9.780315978253293352e-01
5.024180268398168447e-01 5.453255076496813514e-01 1.166632214799472544e+00 -1.971954810000180747e-01 1.022162243734870725e-02 -1.927142843687952301e-01 1.160880764014710076e+00 6.439374394836692161e-01 -9.822907064889760398e-02 -3.279316518904436539e-01 -9.865698633392790962e-01 5.589581085414513373e-01
-9.881928190988512606e-01 7.881118904532327107e-01 -1.705418870074560944e-01 9.374510383830325644e-01 2.953570715809636926e-01 -8.640060606354144079e-01 8.179614547389030266e-01 -7.720494833587190353e-01 1.138118335188931463e+00 -1.339192766112976829e-01 9.036899684941520627e-01 6.424452656289882935e-01
2.971609033628949126e-01 2.306259516567993884e-01 3.288886278512469508e-01 2.885414257763031509e-01 2.944597567245330061e-01 -9.205382973297581151e-01 -5.476570945943571855e-01 -4.862631762934507273e-01 -8.978472762654288175e-01 -3.430424606023955714e-01 4.080835254034828607e-01 -2.914745176355076350e-01
-3.542858104893450294e-02 -8.028269210494829444e-01 1.466648440397004816e+00 2.286296026295167871e-01 5.581430673723779545e-01 9.267216320795859663e-02 2.793739740853630749e-01 -8.040556912140731649e-01 1.086650893623271941e+00 -2.651436127839136569e-02 3.662268877187602190e-01 -3.335047511242970053e-01
6.293076901743357432e-01 -1.032737400351749907e-01 -1.059416223310823524e+00 -1.230832542816275188e+00 5.388477427564429822e-01 2.683865560804458983e-03 5.391162194229550675e-01 4.033361808750170474e-01 4.095127838969524481e-01 1.963000903363209815e-01 4.298149794716986105e-01 1.175725902555361246e+00
6.298286161677159045e-01 -5.333298074525273380e-01 -1.852560490828215889e-01 -3.468677425159528704e-01 3.736855468593478502e-01 -1.189551612330605468e-02 -6.494430597568549846e-02 -3.410591480950959098e-01 -3.156193776472338008e-01 -4.491508549557527430e-01 3.325349824725196690e-01 2.490086262478614643e-01
