1.631430992908582678e-01 -8.610892081245830054e-01 4.511376854511056078e-01 -5.987588800445762249e-01 -1.166726200486058573e+00 -4.386356136421541430e-01 1.207615987938783331e+00 -9.176523768334318709e-02 4.186415680033607201e-01 -4.805467299167731632e-01 -5.834936476961410934e-01 7.366800280596672579e-01
2.245493981908902037e-01 4.132825275602551862e-01 9.427936223605137833e-02 1.884584188107570890e-01 1.908364128746108668e-01 -2.273666814132277170e-01 -3.065684129354158405e-02 -8.917013904330287621e-01 5.247353583079252815e-01 1.800690206821367045e-01 1.951637902052072715e-01 -2.040957070230117187e-01
-3.848343077518656674e-01 1.013807068845510084e+00 -3.530639816509246187e-01 -9.080552490116952646e-02 3.987652289287287322e-01 -3.626538101141607018e-01 6.871551736066040528e-01 9.521539959129268760e-02 -4.958692807787075107e-01 5.905574422927463152e-01 2.232735891341389722e-01 4.682590549584957906e-01
-8.076375062458249210e-02 -3.773195255269639059e-01 -4.486926766557037261e-01 -3.888564506269095999e-01 -5.058897942079769727e-01 -5.256743829895066389e-01 -9.197894371922729073e-01 -5.078316296283749143e-01 -6.252842372845169860e-01 -3.131165003336415509e-02 4.876779892285328377e-01 9.021591046819139592e-01
3.222457931103188122e-01 1.050548857874978870e+00 1.996854743430616363e-01 -6.662800092459981727e-01 -4.987133939946143957e-01 9.172563205932985353e-01 5.880696833084410047e-01 9.865456957912471792e-01 1.012392460788224646e+00 -1.861356536066609557e-01 1.157860609457994905e-01 1.041917169216991512e+00
5.660076335846054851e-01 5.941204958207683129e-01 1.121535356840082320e+00 -2.307453624585356355e-01 -1.624683437327217872e-02 -1.050260145960900116e-01 1.238982585038988837e+00 5.447870854814331754e-01 -1.577878147861427882e-01 -3.279316518904436539e-01 -9.865698633392790962e-01 5.589581085414513373e-01
-1.080926475140546739e+00 7.881118904532327107e-01 -2.651402683067918820e-01 9.399033250565776987e-01 2.110129783119322755e-01 -8.640060606354144079e-01 8.179614547389030266e-01 -7.720494833587190353e-01 1.097964879115207681e+00 -1.028237289026984469e-01 9.372573267279282749e-01 5.915087164064865011e-01
3.944122396081666260e-01 1.365974448639290517e-01 2.699272467909036854e-01 3.779190043858658976e-01 2.944597567245330061e-01 -9.205382973297581151e-01 -5.476570945943571855e-01 -4.303223929182704022e-01 -8.628363813280897077e-01 -1.773701783259594988e-01 4.080835254034828607e-01 -2.700186579694334177e-01
-3.542858104893450294e-02 -8.028269210494829444e-01 1.466648440397004816e+00 2.286296026295167871e-01 5.581430673723779545e-01 9.267216320795859663e-02 3.479795078932933494e-01 -8.515669187856397260e-01 9.689444513120023528e-01 3.477134349405469615e-02 4.067805213302428946e-01 -2.657137111181194777e-01
5.877520519091460338e-01 -1.032737400351749907e-01 -1.065528959699464817e+00 -1.251639923502658958e+00 4.414766460514396584e-01 3.910101654117863201e-02 5.391162194229550675e-01 3.692147633177095822e-01 3.910524321693389371e-01 9.053248628691515365e-02 3.522034036584553163e-01 1.116999103196429921e+00
6.772978154637543380e-01 -4.393613751228184761e-01 -1.318460947503829472e-01 -4.035097684936419515e-01 3.736855468593478502e-01 -4.204489153717250183e-02 -6.494430597568549846e-02 -3.410591480950959098e-01 -4.079148482335378523e-01 -4.526408340691299714e-01 2.786904465141075704e-01 1.718980666032506321e-01
