4.920274207008517031e-01 -1.102094529941448187e+00 4.806131090537769102e-01 -4.092363588792820028e-01 -8.811112460200372087e-01 -3.429507175489769910e-01 9.996480941202954273e-01 -1.007710816518770230e-01 5.886165871771728009e-01 -1.015408748679421658e+00 -8.689813666724364172e-01 3.025488335062628265e-01
6.645016805311526609e-01 6.579574719922779424e-01 2.581316858382955853e-02 1.474602080472804388e-01 -2.777163349391934544e-01 -1.552902920745321824e-01 1.219335769866388836e-01 -6.730778189338343376e-01 6.056348955160252290e-01 1.868002205903737667e-01 -2.571945124829769225e-01 -7.768677637360349442e-01
-8.425832170492186801e-01 9.740958349324446708e-01 1.944225770113260365e-01 -5.734558691761717508e-01 9.716377672549809663e-01 -5.156986726388224085e-01 9.388488915810753177e-01 -9.986568796609521237e-02 -1.481796958762964245e-01 6.143792288529921208e-01 1.616031447489787443e-01 3.689554148249484800e-01
-1.892194213813281345e-01 2.300651934198970072e-01 -1.675895487519320493e-01 -4.517945151921056168e-01 -4.771214819057029710e-01 -1.278964236006216559e+00 -5.890239177621724442e-01 -5.844081577299802266e-01 -7.107136721069846619e-01 -3.572351808295183284e-01 6.400924497504351107e-01 9.391258249831249127e-01
-2.697259323981028301e-01 1.448479411549627782e+00 4.100141108840830162e-01 -3.101204344400476098e-01 -2.534192456039957020e-01 9.171971707926037665e-01 -5.124528961335619859e-02 1.309034866610645276e+00 1.107273132045903941e+00 -1.143451873977135991e-02 6.381150752248898606e-02 1.346174954316137207e+00
1.324072397595469908e-01 4.141517802925671066e-01 1.728128229342688504e+00 -1.894675369682347621e-01 3.500570274275191518e-01 -3.075860085062101512e-01 9.319874647042960536e-01 8.133579981029013251e-01 -5.947488953796652850e-02 1.948536391438851767e-01 -1.493242053254534296e+00 5.869013369436907324e-01
-6.338526364745992181e-01 7.827055638399199600e-01 -2.769104274187217385e-01 1.274077769195615106e+00 1.415198077364006601e-01 -1.174356121270220044e+00 9.411257017093183075e-01 -2.859413136386608212e-01 9.166857881929389995e-01 2.204036388588939410e-01 1.329803498351186608e+00 1.329594321556655245e+00
-6.285938707976616857e-02 2.894957024805822621e-01 1.436947471108727947e-02 -4.452713504932141741e-03 8.895572327086265219e-01 -1.113322488562613843e+00 4.193717118795406429e-02 -4.499403023716119776e-01 -1.070178908606549406e+00 3.488335230446800161e-01 4.667113900673634519e-01 -3.263372023660214283e-01
2.639254549359951740e-01 -5.423016481688182067e-01 1.307389059714697321e+00 5.731156993569115343e-01 3.380828773103739526e-01 6.733285788539021821e-01 2.957846414406735125e-01 -1.407536430815591322e+00 1.658390758190845249e+00 -4.188935484103116780e-01 6.745064348602334281e-01 -9.214866211476244184e-02
8.276046352909316450e-01 -5.307942791577722197e-01 -1.214990009783081915e+00 -1.069327884583074706e+00 5.114856062252871594e-01 1.208040643019026722e-01 8.297355950563048976e-01 -1.788409163087123499e-01 1.679119588319848699e-01 7.322489459814860435e-01 3.526528880316011083e-01 -6.122160571524640216e-02
6.272224371072145921e-01 -1.032625320633898225e+00 -3.294257210671080460e-01 -2.896877542882917433e-01 4.993557016550975725e-01 -3.374626978251051845e-01 -4.550506834861419159e-01 -3.695471437727187447e-01 -6.187312487334299949e-01 -5.498683677900171318e-01 2.268476068501648069e-01 3.185352117687572093e-01
