4.602935240331572642e-01 -1.074370183818354363e+00 4.806131090537769102e-01 -4.988814636510314759e-01 -8.922277346032930767e-01 -3.516190683413281670e-01 1.007117358842831933e+00 -1.007710816518770230e-01 6.248982436840110344e-01 -9.920575293476253664e-01 -8.816724110733515918e-01 3.323001405308158018e-01
6.645016805311526609e-01 6.263659509831985828e-01 6.460082405650824366e-02 1.114364640462009032e-01 -2.777163349391934544e-01 -1.552902920745321824e-01 1.906377187654691163e-01 -6.730778189338343376e-01 6.545616903741148240e-01 1.670539623168347809e-01 -2.581202027232497587e-01 -6.488540072076781628e-01
-8.441543034773463239e-01 9.199812407369698519e-01 2.013623150728036104e-01 -5.734558691761717508e-01 8.749071346901443613e-01 -4.573504870612666862e-01 8.629149724846019165e-01 -1.261199016440347487e-01 -1.957509679828095817e-01 6.143792288529921208e-01 1.616031447489787443e-01 4.448497763033332775e-01
-2.851767285257505447e-01 3.269885411036291822e-01 -3.134677294926408453e-01 -4.517945151921056168e-01 -5.944988422521464422e-01 -1.278964236006216559e+00 -5.913224860018708728e-01 -5.844081577299802266e-01 -7.107136721069846619e-01 -3.572351808295183284e-01 7.211888265370640649e-01 1.025596681939597188e+00
-3.753920970685035163e-01 1.448479411549627782e+00 3.967259152054242177e-01 -3.807571419682062031e-01 -2.867929128280084505e-01 9.860006922797653894e-01 -5.124528961335619859e-02 1.364663292042328724e+00 1.089260566633900362e+00 -1.143451873977135991e-02 6.468757918306877741e-02 1.323741673720147061e+00
1.874729395781082331e-01 4.141517802925671066e-01 1.838025670688934632e+00 -1.585734293825875330e-01 2.664295317519668194e-01 -4.066122987492927776e-01 8.383825576518193490e-01 8.634401632608863508e-01 -2.686603760898451099e-02 2.127809968243323246e-01 -1.404533706226826606e+00 6.626681762942434606e-01
-7.156478410425057834e-01 7.827055638399199600e-01 -2.769104274187217385e-01 1.206585796907633679e+00 1.415198077364006601e-01 -1.096631345065895546e+00 9.411257017093183075e-01 -2.859413136386608212e-01 9.166857881929389995e-01 2.440922913942904504e-01 1.324599760725007513e+00 1.329594321556655245e+00
-6.285938707976616857e-02 3.865980812256271104e-01 -7.144082400154591617e-02 -4.452713504932141741e-03 7.993130579570413285e-01 -1.069992448952648001e+00 -9.126099087633225693e-02 -3.852559708696818297e-01 -9.797166686942178071e-01 4.463815180932639293e-01 4.667113900673634519e-01 -4.230654069969960185e-01
2.758604719715227471e-01 -5.321418100912441718e-01 1.307389059714697321e+00 6.541098641183734630e-01 3.126737944261824831e-01 5.382522764241970403e-01 2.957846414406735125e-01 -1.407536430815591322e+00 1.725910290707861172e+00 -4.677387101440519390e-01 6.769830113473263022e-01 -1.532553710301257088e-01
7.500063392722988720e-01 -4.342850817173987132e-01 -1.257740924627702706e+00 -1.126183154029585243e+00 5.924798114511460323e-01 1.208040643019026722e-01 8.278284654513661245e-01 -1.788409163087123499e-01 1.661155105567788670e-01 6.926967121622030765e-01 3.643518091671273940e-01 -1.456183908791100767e-01
6.272224371072145921e-01 -9.805246485953686975e-01 -2.782227696352127522e-01 -2.987040442080837188e-01 3.617472559724054237e-01 -3.374626978251051845e-01 -4.550506834861419159e-01 -2.909389421306163293e-01 -5.947407118888102806e-01 -5.498683677900171318e-01 2.104651007389271578e-01 3.810411569593903369e-01
