4.602935240331572642e-01 -1.060461729417647270e+00 4.868401482694361682e-01 -4.834453661471513897e-01 -8.811112460200372087e-01 -4.309101037991321936e-01 1.007117358842831933e+00 -1.543656155617423031e-01 6.432689151640569314e-01 -9.949431381731504986e-01 -8.816724110733515918e-01 3.050005436354224497e-01
6.696591595083595250e-01 6.263659509831985828e-01 5.441460741646755167e-02 3.319440981493347598e-02 -3.594269349579342077e-01 -1.743453920405611812e-01 1.972428800788889880e-01 -6.730778189338343376e-01 7.444155034821638983e-01 1.670539623168347809e-01 -3.126878298045692728e-01 -6.291374566951749570e-01
-8.441543034773463239e-01 9.060330936628278042e-01 1.691752877470460992e-01 -4.711897006836946455e-01 8.323901501072678011e-01 -4.573504870612666862e-01 8.629149724846019165e-01 -9.986568796609521237e-02 -1.381755110225991179e-01 6.143792288529921208e-01 1.616031447489787443e-01 3.168994769629204789e-01
-2.851767285257505447e-01 2.608120465887352468e-01 -3.134677294926408453e-01 -3.523541280684180932e-01 -6.837698941477184933e-01 -1.364952697377368018e+00 -6.283165144936014856e-01 -6.799140709314579478e-01 -7.107136721069846619e-01 -3.261351099794312924e-01 6.060659694794426899e-01 1.025596681939597188e+00
-2.869827004967319128e-01 1.448479411549627782e+00 3.403501312462732242e-01 -4.482089535835567240e-01 -2.533140792717368250e-01 9.860006922797653894e-01 -8.144267996219156647e-02 1.364663292042328724e+00 1.089260566633900362e+00 7.027351046389837541e-02 1.115139831424261374e-01 1.286253046195994454e+00
1.874729395781082331e-01 3.192445209383660276e-01 1.838025670688934632e+00 -1.585734293825875330e-01 2.278017165521385445e-01 -3.075860085062101512e-01 1.001424242022061817e+00 8.680040939424100710e-01 -2.686603760898451099e-02 2.477741806732090268e-01 -1.404533706226826606e+00 6.791487761989049021e-01
-7.156478410425057834e-01 7.827055638399199600e-01 -2.769104274187217385e-01 1.206585796907633679e+00 1.415198077364006601e-01 -1.040116418862412129e+00 9.411257017093183075e-01 -2.340554700081785566e-01 9.166857881929389995e-01 1.283146213449846418e-01 1.324599760725007513e+00 1.329594321556655245e+00
-6.285938707976616857e-02 4.037009819639870156e-01 1.436947471108727947e-02 9.489019485901850626e-02 8.596517275204733632e-01 -1.005758120131067246e+00 -1.550069422545577447e-01 -3.203428256329126089e-01 -1.070178908606549406e+00 3.488335230446800161e-01 3.757642636350921883e-01 -2.706100775183478691e-01
2.758604719715227471e-01 -6.352278649330035387e-01 1.307389059714697321e+00 5.502888495207638453e-01 3.126737944261824831e-01 5.432879807800941041e-01 3.108418524701423991e-01 -1.421953746359502002e+00 1.652303652387836719e+00 -5.307896135665354231e-01 6.769830113473263022e-01 -4.425374145869653136e-02
7.719930282366495033e-01 -4.342850817173987132e-01 -1.233114913748874830e+00 -1.081375963388651718e+00 5.114856062252871594e-01 1.156782449281481412e-01 9.234349669845273167e-01 -1.788409163087123499e-01 2.554213989515012884e-01 7.322489459814860435e-01 4.435164338010123553e-01 -3.233848749250284316e-01
6.195772767276075399e-01 -9.805246485953686975e-01 -3.654554325588447172e-01 -3.648068940050371300e-01 3.267976118504264393e-01 -2.481638257674104175e-01 -4.550506834861419159e-01 -2.906604907258772408e-01 -6.675022408174497990e-01 -4.934960833618132758e-01 3.676542813835745882e-01 3.149538907914610775e-01
