1.461589197339908941e-01 -1.290774781653816872e+00 7.612926780732887089e-01 -5.650899417616621623e-01 -1.172044194690153862e+00 -4.970319797941776252e-01 1.166094575039058778e+00 -2.136182043502830863e-02 4.217369915812230752e-01 -5.573602743680003968e-01 -6.157694689264482379e-01 6.871358484702847491e-01
5.893571183991898055e-01 5.012114373447944526e-01 1.289916332077728489e-03 2.836321831248335146e-01 9.717347556360111938e-02 -1.066894154465314326e-01 1.459281179759150671e-01 -7.218279602304706888e-01 6.643734306629111019e-01 2.911071946825332657e-01 1.809189264101562500e-01 -3.252014396597416312e-01
-4.080880926588253965e-01 1.064374898256892799e+00 -2.128850762729733725e-01 -2.208715042926025218e-01 4.714627456360363511e-01 -4.255337370221570215e-01 7.461765232417764127e-01 -1.161472895811831996e-01 -2.336243454909895934e-01 6.498206842807729977e-01 3.912451489902120105e-01 5.678445302591528243e-01
-2.217392429613803395e-01 -2.144813696220136123e-01 -5.304182759678129910e-01 -3.212496249985392627e-01 -3.926101039684737892e-01 -6.976756010421210075e-01 -9.703527948774210987e-01 -5.601164964484393050e-01 -8.291040298992073954e-01 3.098047215418112121e-01 5.228865894749447074e-01 1.050873900601572375e+00
1.761706224795634990e-01 1.043538790231149038e+00 1.805297805060016303e-01 -7.264848083866877193e-01 -7.847672985422773362e-01 8.847286130645819480e-01 4.844706529256097571e-01 1.046855907596292434e+00 1.301109287183812580e+00 1.624427039154437979e-01 2.674745476240291131e-01 1.174857111883817806e+00
5.089572835853952704e-01 5.013163217196248134e-01 1.331648140162259297e+00 -2.059926108564894554e-01 5.811364888230838299e-02 -6.031517564981282026e-02 1.145683295606664487e+00 4.974232692749441798e-01 -1.918711251227306347e-01 -2.481040669248503472e-01 -9.702338504835472666e-01 3.858429701315872484e-01
-9.812629828905120588e-01 7.371191797784406585e-01 -3.214067865192142825e-01 1.110417563232980465e+00 1.358263075201703307e-01 -1.026280281061363153e+00 9.144857982654207573e-01 -3.947725735382453527e-01 1.091980308843316205e+00 -3.363389203162900909e-01 8.199830010005806358e-01 6.107533734361324518e-01
2.455556578899674158e-01 3.342531871324726511e-01 3.379248759419909987e-01 2.927217335346892213e-01 3.636368798918815926e-01 -1.190804532793418913e+00 -5.916564837673897737e-01 -3.711281333047188880e-01 -1.024499286321233438e+00 -9.705550873895493758e-02 5.707064770671638199e-01 -2.512052318840862219e-01
-1.427842960289482099e-01 -6.189634502495356960e-01 1.201830643631449869e+00 2.041764454125322148e-01 5.694316803628957091e-01 2.569281260878906736e-01 6.097884372959491150e-01 -7.048899419752847617e-01 1.166776394071557421e+00 -1.271684835573774208e-01 4.571546302170288456e-01 -1.498971796269914225e-01
6.826734288986832100e-01 -1.750193584930033186e-01 -9.013518260422679340e-01 -1.315876820319177298e+00 5.364547288538917824e-01 -4.296608118100987694e-02 6.463140262080362408e-01 4.069603440462197796e-01 2.498729338498450470e-01 4.856360122646474764e-02 5.815670049203465197e-01 9.366422708075402559e-01
5.932369415658098610e-01 -7.684791944665748664e-01 -4.415519980320736781e-01 -4.646655793824030489e-01 4.103216835659793671e-01 -2.268194506628788409e-01 -1.965095482370874946e-01 -3.193137738066400555e-01 -3.081320860384199056e-01 -5.984509971632014924e-01 3.378025732274004267e-01 3.536084086813995886e-01
