1.657411459516895946e-01 -1.290774781653816872e+00 7.612926780732887089e-01 -5.650899417616621623e-01 -1.172044194690153862e+00 -4.970319797941776252e-01 1.069110322535530511e+00 -2.136182043502830863e-02 4.217369915812230752e-01 -5.573602743680003968e-01 -5.336646250543812808e-01 6.961109718601616869e-01
5.893571183991898055e-01 5.012114373447944526e-01 1.289916332077728489e-03 2.836321831248335146e-01 9.717347556360111938e-02 -1.066894154465314326e-01 1.459281179759150671e-01 -7.218279602304706888e-01 6.095474493663276538e-01 2.818607546928378893e-01 1.809189264101562500e-01 -3.252014396597416312e-01
-4.080880926588253965e-01 1.097259370553686386e+00 -2.128850762729733725e-01 -2.208715042926025218e-01 5.960170827192287080e-01 -4.255337370221570215e-01 6.932077367605092855e-01 -2.630030816742399274e-02 -2.336243454909895934e-01 6.498206842807729977e-01 3.912451489902120105e-01 5.398316818943864615e-01
-2.702968948639992708e-01 -2.144813696220136123e-01 -5.304182759678129910e-01 -3.212496249985392627e-01 -3.796315633638676079e-01 -6.976756010421210075e-01 -9.703527948774210987e-01 -5.601164964484393050e-01 -8.291040298992073954e-01 3.105497771076576319e-01 5.510719714271911096e-01 1.050873900601572375e+00
1.761706224795634990e-01 1.043538790231149038e+00 1.805297805060016303e-01 -7.264848083866877193e-01 -7.847672985422773362e-01 8.847286130645819480e-01 5.011895647803651377e-01 1.046855907596292434e+00 1.228426298029787311e+00 1.624427039154437979e-01 2.674745476240291131e-01 1.005406943347513016e+00
5.089572835853952704e-01 4.547676485475368180e-01 1.331648140162259297e+00 -2.059926108564894554e-01 1.357503394341224856e-01 -6.031517564981282026e-02 1.124926919698210348e+00 4.974232692749441798e-01 -1.918711251227306347e-01 -2.481040669248503472e-01 -9.702338504835472666e-01 4.135265547386471896e-01
-9.812629828905120588e-01 7.371191797784406585e-01 -3.764775809666808803e-01 1.041712029187662480e+00 1.358263075201703307e-01 -8.770282096911741210e-01 9.879616931917132305e-01 -4.838834155515759905e-01 1.091980308843316205e+00 -3.363389203162900909e-01 8.715600959695045669e-01 6.107533734361324518e-01
3.334985378331057904e-01 3.342531871324726511e-01 3.379248759419909987e-01 2.927217335346892213e-01 3.636368798918815926e-01 -1.172732523519133485e+00 -5.771891243403870497e-01 -3.711281333047188880e-01 -1.024499286321233438e+00 -9.705550873895493758e-02 4.822524709013241151e-01 -3.011181310633156416e-01
-1.427842960289482099e-01 -6.189634502495356960e-01 1.239096506633563521e+00 2.192881241853694985e-01 5.694316803628957091e-01 2.569281260878906736e-01 5.793110975121653627e-01 -8.025864527778706625e-01 1.142910718797699232e+00 -1.107802041310728958e-01 4.571546302170288456e-01 -1.386525659135478539e-01
6.826734288986832100e-01 -1.750193584930033186e-01 -9.013518260422679340e-01 -1.372133171614425384e+00 4.973214939198292162e-01 -1.299963682420270106e-02 6.463140262080362408e-01 4.069603440462197796e-01 2.498729338498450470e-01 4.856360122646474764e-02 5.815670049203465197e-01 9.366422708075402559e-01
5.932369415658098610e-01 -7.018628913805020630e-01 -4.415519980320736781e-01 -3.720897214913949647e-01 4.103216835659793671e-01 -2.268194506628788409e-01 -1.965095482370874946e-01 -2.324227261321098470e-01 -3.081320860384199056e-01 -5.984509971632014924e-01 3.378025732274004267e-01 3.536084086813995886e-01
