1.461589197339908941e-01 -1.290774781653816872e+00 7.612926780732887089e-01 -5.650899417616621623e-01 -1.167297460037904022e+00 -3.252366542551942130e-01 1.267334742245454171e+00 -9.215121903209297360e-02 4.217369915812230752e-01 -5.573602743680003968e-01 -5.888062525711498241e-01 7.055131575853290649e-01
6.102570347768442316e-01 5.012114373447944526e-01 1.289916332077728489e-03 3.079742268873445488e-01 1.638673319207377133e-01 -1.066894154465314326e-01 1.083673687816048004e-01 -7.466003531846958641e-01 6.090747418469677488e-01 3.114444695776883432e-01 6.474948327056986863e-02 -3.252014396597416312e-01
-3.329257122214979714e-01 1.064374898256892799e+00 -2.128850762729733725e-01 -1.255759700329058259e-01 5.108594963670294309e-01 -4.141621579464853098e-01 6.660875378015921333e-01 -2.404502284492180536e-02 -2.966712916349577567e-01 6.498206842807729977e-01 3.912451489902120105e-01 5.678445302591528243e-01
-2.654394772847670780e-01 -2.144813696220136123e-01 -5.304182759678129910e-01 -4.021551085163007633e-01 -4.885022177067250282e-01 -6.976756010421210075e-01 -8.730246790086680919e-01 -5.601164964484393050e-01 -8.291040298992073954e-01 1.484633768801417175e-01 5.228865894749447074e-01 9.139972058925360798e-01
1.761706224795634990e-01 1.006448355910903203e+00 1.805297805060016303e-01 -7.176413846876514846e-01 -7.507461079709871754e-01 8.851832330125248838e-01 3.800243323788843886e-01 1.046855907596292434e+00 1.228426298029787311e+00 1.624427039154437979e-01 3.122148872253696084e-01 1.092219944660963504e+00
5.954312972528907899e-01 4.025010623540608012e-01 1.331648140162259297e+00 -2.059926108564894554e-01 1.485931362025696700e-01 8.241856798783919746e-02 1.077836163228561794e+00 4.974232692749441798e-01 -1.554372494418586603e-01 -3.265237481852105161e-01 -9.264475986554372433e-01 3.549855957696190223e-01
-9.812629828905120588e-01 7.371191797784406585e-01 -3.214067865192142825e-01 1.025055980685901647e+00 1.358263075201703307e-01 -1.026280281061363153e+00 9.532245495983441286e-01 -4.065529358949614980e-01 1.083234547321253238e+00 -3.556546533045225056e-01 8.715600959695045669e-01 6.487287796797278627e-01
3.116148599267451469e-01 3.342531871324726511e-01 3.698720018951529576e-01 2.927217335346892213e-01 4.141174896303834174e-01 -1.172732523519133485e+00 -5.771891243403870497e-01 -3.711281333047188880e-01 -1.024499286321233438e+00 -3.118250075447971670e-02 5.707064770671638199e-01 -2.885092954149514610e-01
-1.427842960289482099e-01 -6.244167195552892125e-01 1.201830643631449869e+00 8.201653366498029563e-02 5.842332310764037917e-01 2.152318676971254896e-01 6.236468179835711334e-01 -7.015334553819384533e-01 1.168476937672352722e+00 -1.698528400606827415e-01 4.571546302170288456e-01 -2.499534288694193473e-01
6.677203491939354141e-01 -2.172975581532510803e-01 -9.013518260422679340e-01 -1.315876820319177298e+00 5.433010306493459840e-01 5.575784762989985377e-02 6.732590148743081704e-01 4.639646066731796248e-01 3.675131362987029693e-01 4.856360122646474764e-02 6.756189782019003109e-01 9.366422708075402559e-01
5.932369415658098610e-01 -7.593766367465900613e-01 -2.524660306966823864e-01 -4.035097684936419515e-01 3.170550279832667351e-01 -2.431062815619917661e-01 -1.965095482370874946e-01 -3.935445535279656903e-01 -2.995971940712047754e-01 -6.241696966500719368e-01 3.378025732274004267e-01 3.317487896358666810e-01
