1.461589197339908941e-01 -1.290774781653816872e+00 7.612926780732887089e-01 -5.650899417616621623e-01 -1.172044194690153862e+00 -3.849685226966995666e-01 1.234857764128386215e+00 -9.215121903209297360e-02 3.966989960539645255e-01 -5.573602743680003968e-01 -6.157694689264482379e-01 6.871358484702847491e-01
5.893571183991898055e-01 5.012114373447944526e-01 1.289916332077728489e-03 2.836321831248335146e-01 1.002112962530648382e-01 -5.448368964273592879e-02 1.459281179759150671e-01 -7.178912073720421505e-01 6.095474493663276538e-01 2.062293326573756413e-01 1.256056280108185930e-01 -3.252014396597416312e-01
-4.118399201811652199e-01 1.097828012702324330e+00 -2.128850762729733725e-01 -2.208715042926025218e-01 5.108594963670294309e-01 -4.208072184766758483e-01 6.932077367605092855e-01 -2.404502284492180536e-02 -2.479242974402574018e-01 5.682712960617751774e-01 3.665509796800022757e-01 5.678445302591528243e-01
-2.047988395928515559e-01 -2.144813696220136123e-01 -5.304182759678129910e-01 -3.212496249985392627e-01 -4.885022177067250282e-01 -6.976756010421210075e-01 -8.730246790086680919e-01 -4.975137601122679443e-01 -6.546331884658501687e-01 1.484633768801417175e-01 5.228865894749447074e-01 1.095945424702667648e+00
1.360505817291738084e-01 1.031574475127434276e+00 1.805297805060016303e-01 -7.478641976356658061e-01 -7.507461079709871754e-01 8.355231427957804380e-01 4.483526701067361286e-01 1.046855907596292434e+00 1.228426298029787311e+00 1.624427039154437979e-01 3.482958018098229469e-01 1.092219944660963504e+00
6.154753809487345517e-01 4.547676485475368180e-01 1.331648140162259297e+00 -2.194879872472731419e-01 1.357503394341224856e-01 7.258381333062075003e-02 1.077836163228561794e+00 5.647171674216002746e-01 -1.918711251227306347e-01 -3.265237481852105161e-01 -9.360000563422100628e-01 3.869545933949153915e-01
-9.812629828905120588e-01 6.376014119127346724e-01 -4.199422249894559367e-01 1.086593313643256620e+00 2.022242257244812325e-01 -1.026280281061363153e+00 9.532245495983441286e-01 -4.065529358949614980e-01 1.043549387636584225e+00 -3.363389203162900909e-01 8.715600959695045669e-01 6.587592639210579915e-01
2.455556578899674158e-01 3.342531871324726511e-01 3.698720018951529576e-01 2.288491351131502483e-01 4.141174896303834174e-01 -1.172732523519133485e+00 -5.084969057685337912e-01 -3.711281333047188880e-01 -9.314235762286029452e-01 -9.705550873895493758e-02 5.574514406220683060e-01 -3.011181310633156416e-01
-1.707659518880282057e-01 -7.102572586177241520e-01 1.201830643631449869e+00 1.577245766582728026e-01 5.694316803628957091e-01 1.737389194628446432e-01 5.885951257130217495e-01 -6.332689632072597830e-01 1.175717457088953699e+00 -1.698528400606827415e-01 4.571546302170288456e-01 -2.463181973498066724e-01
6.826734288986832100e-01 -2.063540195969501001e-01 -9.013518260422679340e-01 -1.397608154067472963e+00 5.433010306493459840e-01 5.575784762989985377e-02 6.370856228406733823e-01 4.639646066731796248e-01 3.675131362987029693e-01 4.856360122646474764e-02 5.815670049203465197e-01 9.366422708075402559e-01
5.932369415658098610e-01 -7.593766367465900613e-01 -3.442612412919813791e-01 -4.035097684936419515e-01 4.103216835659793671e-01 -2.268194506628788409e-01 -1.965095482370874946e-01 -2.999582961956204219e-01 -3.081320860384199056e-01 -6.142765898961927151e-01 3.733891423470174220e-01 3.317487896358666810e-01
