2.211822546991355221e-01 -1.177966425722899002e+00 7.266743713142423955e-01 -5.650899417616621623e-01 -1.348909555980697839e+00 -3.247981723794701736e-01 1.266486085332985123e+00 3.879632493350439193e-02 2.529254136530291186e-01 -5.573602743680003968e-01 -6.513659473958564039e-01 6.867001005349675502e-01
3.963404886751325518e-01 5.812462549718744320e-01 6.699999250598791256e-02 2.836321831248335146e-01 2.541455512940427042e-02 -6.764569372279349846e-02 2.370726628423252269e-01 -8.028764608546574699e-01 6.063405904963867776e-01 3.032946331277908691e-01 1.256056280108185930e-01 -3.538704211645389841e-01
-3.674468695497293269e-01 8.658518769838137175e-01 -3.429123796409166980e-01 -1.774362602885071749e-01 4.960603232750717129e-01 -4.975620686420251793e-01 7.427690122756721580e-01 -2.018320820760655804e-02 -3.186399588975046271e-01 6.480921863301397634e-01 4.270040541427717606e-01 5.140702962418840505e-01
-5.172929182693185995e-02 -2.922936207321826796e-01 -4.278723155406752854e-01 -4.428560060339030713e-01 -3.926101039684737892e-01 -6.878753905360687204e-01 -9.634367426129401002e-01 -5.601164964484393050e-01 -7.789731939512389847e-01 1.484633768801417175e-01 5.228865894749447074e-01 1.069749449774682226e+00
1.761706224795634990e-01 1.096978155998746596e+00 3.199822402814526123e-01 -7.977480239200085421e-01 -7.999966350291820572e-01 7.963719721911350913e-01 5.134130640405845103e-01 1.037368469646302582e+00 1.069697319752635156e+00 1.624427039154437979e-01 2.142819160547767554e-01 1.090685814725895986e+00
5.758986776848102895e-01 5.907685747510401653e-01 1.406684060977174688e+00 -1.128501082899954627e-01 1.357503394341224856e-01 -1.297804174725880610e-01 1.231558545828073115e+00 5.214099333111182899e-01 -1.095551131838020109e-01 -4.425378732742973886e-01 -1.038981396515734179e+00 3.716788680654439236e-01
-9.808113102387203686e-01 7.584105901048723286e-01 -3.086780992566594550e-01 9.332350311769566087e-01 3.883219973681511367e-02 -1.026280281061363153e+00 9.375394710620550409e-01 -7.036698731401140883e-01 9.952047116240432256e-01 -2.614362727635395345e-01 1.212612049484670607e+00 4.584209386237609318e-01
2.907113387650109293e-01 3.908283504945403442e-01 4.247339264748800636e-01 1.809362216681905666e-01 3.849468310424569717e-01 -1.176678169211469394e+00 -5.152731645875310296e-01 -4.568093715171205882e-01 -9.301360412514826370e-01 -1.566134605525130175e-01 5.382139217008528043e-01 -1.398656836231436107e-01
-1.988563015036254322e-01 -5.588258105781500618e-01 1.109694732061625722e+00 1.503524045828563693e-01 6.423823635848321389e-01 1.167553911790959048e-01 5.087068636280290823e-01 -7.604350960889010302e-01 1.081377239075243857e+00 -1.725657232085032744e-01 4.008314449389600020e-01 8.527034851559558981e-02
6.122307879196569047e-01 -3.915377222879112828e-02 -8.762809169912549878e-01 -1.270861173155144463e+00 5.291904497542528896e-01 -8.119330105961387878e-02 6.076875676777598878e-01 3.965813054371473689e-01 2.983537696206642331e-01 1.288648019270996481e-01 6.905704026511954030e-01 9.925162691487755540e-01
5.347868627529543950e-01 -8.250707447237610737e-01 -3.427577628774465257e-01 -2.849374290719317582e-01 4.103216835659793671e-01 -2.802490856628601645e-01 -7.789920434344481392e-02 -4.016705877994604101e-01 -3.456200367574110421e-01 -5.378185678716205231e-01 3.550838955423354371e-01 3.820520167601776373e-01
