1.706396721373515113e-01 -1.070338758828349057e+00 1.001469276918379947e+00 -5.270990264292944039e-01 -9.800201458036361668e-01 -2.223595785316181128e-01 1.115531416474687232e+00 -3.219508631926875086e-01 6.288057417334473875e-01 -7.068938350840451301e-01 -5.844116432591698329e-01 7.020419710115444190e-01
5.525817254057862060e-01 5.857053805486701625e-01 5.315845431097431656e-02 3.822698637442176195e-01 -1.468739128668386795e-01 -1.808194969114939044e-01 2.561207620445508648e-01 -7.323293823705319117e-01 9.248207154391513418e-01 -2.343949844571212651e-02 -2.131746396570296243e-01 -5.401432680917293006e-01
-6.043805779538621303e-01 1.053897475924900462e+00 9.243172659259835111e-04 -6.239778759783026763e-01 7.031116768658692839e-01 -1.301885783613753456e-01 6.123107228945551261e-01 2.749441918361254511e-01 -4.417983976365215115e-01 9.229923885648984028e-01 9.719918533416740947e-02 3.985004345292402217e-01
-3.019644786377255752e-01 2.870708693117648980e-02 -4.362939072120260997e-01 -3.260011090766356534e-01 -2.904728952956196486e-01 -8.289074246506209498e-01 -8.884573655909081547e-01 -4.945280761806607472e-01 -8.208691496334130644e-01 -2.639348215107020224e-01 5.645527745469870462e-01 9.604401351633806705e-01
-2.990022859528301269e-01 1.270003643073392974e+00 -5.711162075024736606e-02 -5.682103992067983889e-01 -3.312430222721848283e-01 1.048665079726846194e+00 1.374094448824726700e-01 1.125802784594787775e+00 1.147910859570286712e+00 -1.462232166550689050e-01 3.084453164785536661e-01 9.800553190077498922e-01
4.284133764688300428e-01 3.159902560544006755e-01 1.832047030759211825e+00 -7.421301519085628240e-02 3.931289599602074136e-01 -7.042996747852453554e-02 1.074372989104878329e+00 6.498028832041656822e-01 3.663228755743555554e-03 1.841897652630180016e-01 -1.060423647386851354e+00 3.376216606068489501e-01
-8.290912656482194443e-01 8.446691055244474056e-01 -1.920974150072032594e-01 1.483015184724671975e+00 1.347266569009056836e-01 -1.088144767006959723e+00 1.197130998736421814e+00 -1.764557356868950433e-01 4.977014253280027112e-01 1.139603510892591223e-02 1.126276796525530699e+00 9.077235568078019234e-01
-2.385123510243609135e-01 5.000040757426184035e-01 6.015858644710234127e-02 3.592052715655766892e-01 5.097214020642557575e-01 -9.330660950716769264e-01 -1.804970752465644424e-01 -1.584717715740581734e-01 -1.151204369273633787e+00 3.460425410329308060e-01 7.080144656741690357e-01 -5.874689017406069524e-01
8.190063000590477871e-02 -7.027017735096391382e-01 1.284788095164226540e+00 2.126107522185520238e-01 5.341437934680918209e-01 3.738939340267553590e-01 5.301196640771087543e-01 -1.153549927156277688e+00 1.401626715852819727e+00 -3.230282381952372939e-01 6.063495664854265943e-01 -1.231916139707881497e-01
6.352945935325435833e-01 -4.325709808895493724e-01 -1.005436334599544956e+00 -1.253662012624467748e+00 4.508022733079892208e-01 -5.417168220312122695e-02 8.492603160051483968e-01 2.429707578531811740e-02 1.697690403345421817e-01 5.872071379317781448e-01 4.154829587357043441e-01 1.279577984733272500e-01
8.305135293516999750e-01 -6.174169092776721213e-01 -2.778535590095952412e-01 -5.139579534008569262e-01 6.545521735637770400e-01 -1.225158767527115555e-01 -3.560880488588644144e-01 -2.210281537732606549e-01 -4.785114856736287781e-01 -6.022933680121355104e-01 2.211387565787109599e-02 5.638478367074996056e-01
