1.670180562206196873e-01 -1.033988104322493440e+00 1.013047643170926326e+00 -5.270990264292944039e-01 -1.023054511163907332e+00 -2.357822168176526290e-01 1.009569295515405640e+00 -2.797991965585842067e-01 6.292509853509081763e-01 -8.472642301356854144e-01 -9.183292077266738129e-01 6.703519070943372293e-01
5.247202850098818816e-01 5.151199072760799247e-01 -6.835130282285022119e-02 2.944599166514537680e-01 -3.096281768823680447e-01 -2.788062963746704703e-01 2.411734826399159481e-01 -7.323293823705319117e-01 9.811385711962279377e-01 -2.343949844571212651e-02 -1.633287640584115685e-01 -5.768595794145678912e-01
-6.286237109214408703e-01 9.326045988724284141e-01 9.625490605940589806e-02 -5.603245695314671426e-01 7.031116768658692839e-01 -2.268246419484508114e-01 7.023795889576814888e-01 2.040064991391634663e-01 -3.180536230360990202e-01 8.040072031655671747e-01 9.719918533416740947e-02 3.307321611127190253e-01
-3.019644786377255752e-01 2.175414600282601918e-03 -4.362939072120260997e-01 -2.832627780181889987e-01 -4.105513908333348616e-01 -8.978270695860169903e-01 -9.081550361902260837e-01 -4.917695667856848418e-01 -8.208691496334130644e-01 -3.730814285248435502e-01 5.645527745469870462e-01 9.506938700207663295e-01
-2.441496833373614783e-01 1.458400129597803518e+00 4.181652782982059335e-02 -4.856281893254332793e-01 -3.654381725904484179e-01 1.048665079726846194e+00 1.114056142928294690e-01 1.178740403501729261e+00 1.150070758990472175e+00 -1.512177088487031973e-01 2.656755549072245537e-01 1.016697055949203898e+00
3.262315441284784900e-01 2.751628865224122200e-01 1.830971765247520588e+00 -7.421301519085628240e-02 3.522855035824140613e-01 -1.489377069854456170e-01 1.074372989104878329e+00 7.307010945338960894e-01 -9.753889841940568961e-02 1.185382490980132486e-01 -9.991126583317462284e-01 2.500454532800377994e-01
-8.820168732758720820e-01 8.529485642480291174e-01 -1.106094032102593328e-01 1.336535438866440995e+00 2.067957905115330730e-01 -1.041894405018958913e+00 1.197130998736421814e+00 -8.795896547341167104e-02 4.791004620575306516e-01 -4.340944242726147567e-02 1.219000905463155870e+00 9.077235568078019234e-01
-1.333252462639491764e-01 4.439548702533715474e-01 6.844038120443342310e-02 2.844180762834211951e-01 5.414117909678778373e-01 -9.394835169753694704e-01 -1.804970752465644424e-01 -2.386179346936868062e-01 -1.204829419184071604e+00 2.558676252481387747e-01 6.184455450688403078e-01 -5.874689017406069524e-01
1.763894623946986595e-01 -6.230754760423465877e-01 1.295530717955906130e+00 2.071588388799918135e-01 5.341437934680918209e-01 3.738939340267553590e-01 5.301196640771087543e-01 -1.128295332850781429e+00 1.549247831531620490e+00 -3.406636546303341007e-01 5.138906142323671489e-01 -9.733944147137112146e-02
6.545324253762380140e-01 -4.884911931869084789e-01 -1.005436334599544956e+00 -1.253662012624467748e+00 4.508022733079892208e-01 3.193964738360560718e-02 7.956652292435365537e-01 2.429707578531811740e-02 2.701695216165251878e-01 5.222951022416499889e-01 4.320247936817684375e-01 9.857497703319099969e-02
7.186247746043249451e-01 -6.789191367994239501e-01 -3.292189316259250265e-01 -5.173696149705109271e-01 6.545521735637770400e-01 -8.510167006478913665e-02 -1.961021473217242073e-01 -2.656619293351173416e-01 -3.315438771911166649e-01 -6.759911666996476498e-01 9.299041200395308238e-02 5.221736942167806150e-01
