1.670180562206196873e-01 -1.004683123090467367e+00 1.001506250289060596e+00 -4.122729535858515870e-01 -1.023054511163907332e+00 -2.223595785316181128e-01 1.009569295515405640e+00 -2.797991965585842067e-01 6.790851887039407453e-01 -6.875659801484379496e-01 -7.230555291503851789e-01 6.658501625238355537e-01
6.237875625374562638e-01 5.151199072760799247e-01 1.675038753422028459e-01 3.459549828885609690e-01 -1.468739128668386795e-01 -2.788062963746704703e-01 3.041944544890858859e-01 -7.323293823705319117e-01 9.248207154391513418e-01 1.028244104892834035e-02 -2.200559476516997792e-01 -6.736674608162264155e-01
-5.935277196480432949e-01 9.326045988724284141e-01 1.162397177851890728e-01 -7.175342424798670793e-01 7.031116768658692839e-01 -2.128437427148547056e-01 6.123107228945551261e-01 2.860418070566523308e-01 -3.180536230360990202e-01 9.130091700856635129e-01 1.669314493421600321e-01 3.106843058988095763e-01
-3.228175520812711641e-01 -1.158223493341093563e-02 -4.269252015584592552e-01 -2.832627780181889987e-01 -4.105513908333348616e-01 -8.289074246506209498e-01 -8.884573655909081547e-01 -5.192061753942213143e-01 -8.208691496334130644e-01 -3.420271664933578482e-01 5.645527745469870462e-01 9.451843202906060615e-01
-3.347325729313048170e-01 1.358890080990678317e+00 3.634476781158237774e-02 -4.361584321641186479e-01 -3.597694244429685551e-01 1.048665079726846194e+00 5.170865687494395624e-02 1.140982625081121471e+00 1.147910859570286712e+00 -1.512177088487031973e-01 2.656755549072245537e-01 1.016697055949203898e+00
3.854543142908949949e-01 2.689789464467824964e-01 1.782360881164996691e+00 -7.421301519085628240e-02 3.931289599602074136e-01 -7.442798632740038611e-02 1.065374512044464650e+00 8.092567734908410193e-01 -4.421952515686483620e-02 1.915090339038262313e-01 -9.991126583317462284e-01 4.065167340032493359e-01
-8.820168732758720820e-01 9.006298335621920614e-01 -1.106094032102593328e-01 1.384458047601245800e+00 2.342674046406797717e-01 -1.021079327911833756e+00 1.197130998736421814e+00 -8.795896547341167104e-02 5.956786880491794500e-01 -9.328287474407712110e-02 1.158512498690070336e+00 9.077235568078019234e-01
-1.236903356044712077e-01 3.677258676758490274e-01 1.766375225104347413e-01 2.191011322073342926e-01 5.660443870981232140e-01 -1.015569057873958458e+00 -1.804970752465644424e-01 -2.398911021051077230e-01 -1.215014928135843997e+00 2.461355514524702914e-01 6.651811837166092811e-01 -5.285972698970095029e-01
1.763894623946986595e-01 -7.027017735096391382e-01 1.284067839973664471e+00 1.304689284624014067e-01 4.502284740488019521e-01 3.738939340267553590e-01 5.301196640771087543e-01 -9.670427949475698393e-01 1.456236362543616547e+00 -3.349423193991873382e-01 5.695669748193570303e-01 -5.760684632387246679e-02
6.352945935325435833e-01 -4.806521751566487088e-01 -1.005436334599544956e+00 -1.327919779013704282e+00 4.508022733079892208e-01 -7.262388214560967781e-03 8.492603160051483968e-01 1.127708475574119296e-01 2.701695216165251878e-01 4.351491766448587484e-01 4.154829587357043441e-01 6.914472985841768615e-02
8.307074264662486218e-01 -7.653765488017115759e-01 -2.760188393784430150e-01 -4.931475296558702204e-01 5.665677612108596106e-01 -1.225158767527115555e-01 -3.432681298978538798e-01 -2.656619293351173416e-01 -3.837122162900670763e-01 -6.759911666996476498e-01 1.499145591384100640e-01 4.933471370698593317e-01
