7.473590503706348809e-01 -9.077491823700293283e-01 4.070151001879624975e-01 -2.864353456860539437e-01 -1.252849692442928209e+00 -1.471305261673229448e-01 9.662723855049459853e-01 -4.909970450503206019e-01 6.686341982128991557e-01 -9.380394527575828256e-01 -6.323624247055834591e-01 3.709088086931666139e-01
1.045964297850173086e+00 1.113316377604637086e+00 -9.337092276720579398e-02 -4.313660594031655249e-01 -2.277353639303887067e-01 -1.171175479325597679e-01 -1.252527072367213279e-01 -6.360998753624464985e-01 5.075868037418171941e-01 1.538178785689141570e-01 -4.018460061667907257e-01 -6.623006946189825550e-01
-8.884308398580988975e-01 2.807609972705455981e-01 1.056405317877296274e-01 3.071447590320137977e-02 1.270739803606412144e+00 -1.620719467028518823e-01 8.022785557651991306e-01 5.505149886632653145e-01 -7.289052037176141363e-02 2.231212534824630889e-01 4.422966458138565260e-01 3.268821175368241683e-01
-2.192065769982639023e-01 2.308011085748941371e-02 9.070305198835176830e-02 -5.025180763320714616e-01 -6.676654401888216794e-01 -1.056001748021945907e+00 -6.453826831681355181e-01 -5.570428695623300674e-01 -1.025079092012845638e+00 -7.491761450588366733e-01 -1.115823654637150275e-01 8.167785002080139023e-01
-1.787214294831135641e-01 1.223356592177371027e+00 3.215891873241181198e-01 -3.784587803453751120e-01 3.684096882122040589e-02 1.142089171816229154e+00 8.351748506370539060e-02 1.191441171800288856e+00 7.085302669367016248e-01 6.031267540725058218e-01 4.353546567070064599e-01 1.131820863560799362e+00
2.578640735195506517e-01 4.764277182449529469e-01 1.693213024830662272e+00 2.088988241888268399e-02 4.141141364154840576e-02 -4.409744754636594211e-01 3.170762016664300242e-01 1.091867250780544474e+00 5.416426685286144238e-01 5.155475817300969599e-01 -1.556506978623120263e+00 4.949649885212628053e-01
-1.047412915175904180e+00 4.945399035352704420e-01 -3.459180320339437231e-01 8.275614039469436634e-01 -1.936977083126361354e-01 -6.576029889343605328e-01 8.338969852446761477e-01 -1.034179088439897976e-01 1.085145195147298791e+00 9.644040818113855384e-02 1.182477202091969826e+00 1.457990926420555500e+00
-3.905577818965181303e-01 1.058803668759556865e-01 -4.497390036705654626e-01 3.433070931168506063e-02 9.530953271518585179e-01 -1.245036362027861276e+00 -3.816221152806376082e-01 -2.289285282137313027e-01 -8.021752732486328030e-01 -2.117391311917133367e-01 3.053063485256022336e-01 -1.520313263223639078e-01
-9.847531820595539775e-02 -4.379978015869350205e-01 1.239935788245321246e+00 6.064014171713451029e-01 1.360693709255789974e-01 1.069961323942082432e-01 -3.295623479659790522e-01 -1.515431295751204166e+00 1.688676576676490404e+00 -2.668762621190459705e-01 1.073675072298970967e+00 7.059999859822155277e-02
1.423947288912449372e-01 -1.127517636597204220e-01 -7.396922500853206905e-01 -7.436016088498702548e-01 6.452383225583546711e-02 6.987687942342298009e-02 1.316088550720565742e+00 -1.247049142666762506e-02 2.660673335994657163e-01 1.314786626642569178e+00 4.294946263162099931e-01 -7.642230358027168879e-01
4.584814857872446803e-01 -1.335337861861032982e+00 -3.950931421955853895e-01 -6.951898427147064075e-01 6.411575532182669512e-01 -6.863363696145048376e-01 -4.667617510245086199e-01 -2.295087402981599300e-01 -9.390273463711894530e-01 -3.856423408567316025e-01 -2.660099678383784916e-01 9.539312498092925585e-01
