7.666865377561474793e-01 -1.066172942433961213e+00 2.091193296769889853e-01 -4.640772098916071675e-01 -1.052220307332474514e+00 -2.046141624557074601e-01 8.723765249921310305e-01 -8.695111171993061272e-02 4.292936839351049749e-01 -7.875449747066443074e-01 -5.973269091084374427e-01 4.235420950272965057e-01
8.922227820214981842e-01 9.661029530734075443e-01 5.373314063830079979e-02 -5.763809941903527134e-01 -3.397011052755379290e-01 -6.971524887461746922e-02 -6.761481930502297177e-02 -6.686685007827868343e-01 5.613186789866911885e-01 -2.121645321839288889e-01 -5.157693303157419029e-01 -6.218564802483784737e-01
-8.718623836717145359e-01 1.510980570116564059e-01 1.032447934866774497e-02 1.417360330375314059e-02 1.195132675700612657e+00 -1.645985432579206154e-01 9.189214053603274035e-01 3.012412291556461619e-01 -1.554294745109772724e-01 2.476086992128641029e-01 4.571868975106418986e-01 2.964237829751851239e-01
-3.919186064553817350e-01 1.556289037705751166e-01 2.560998658588487520e-01 -1.462319902474999989e-01 -1.075910527770081337e+00 -1.235472136593623205e+00 -6.931723437522929743e-01 -4.698986930041558763e-01 -9.883753690852641327e-01 -5.559765709807181766e-01 -5.226781285664612586e-02 1.138679489792836286e+00
-1.567008077452959613e-01 1.389617191277695785e+00 3.754568720793742820e-01 -3.047834954403752517e-01 1.235757623924196857e-02 7.911152295038619275e-01 1.841167777710351894e-01 1.603966216282744828e+00 5.517590545149320125e-01 6.080025705909959388e-01 6.010627571176191397e-01 1.043126359264349601e+00
4.822041357017571583e-02 3.492649625797158985e-01 1.573225109506430464e+00 -2.165739934212409235e-01 9.103864969753362735e-02 -3.852535925001006611e-01 2.405078663777744097e-01 9.659724008892113245e-01 8.568099000661880682e-01 4.538953316706555996e-01 -1.529104710830493596e+00 7.183248443860207333e-01
-9.511136666639649073e-01 4.943649152742727870e-01 -4.160735102327273727e-01 7.852826829517469687e-01 -3.083721617191303999e-01 -8.019560996465505687e-01 9.906882368365425018e-01 -5.678908181264702426e-02 1.281723684272919161e+00 1.627167586502739627e-01 1.465438203427149588e+00 1.606537137179896435e+00
-3.101613055649746209e-01 1.335085131321729068e-01 -3.206313787544921023e-01 -2.605407386452859297e-01 6.844537786259973222e-01 -1.286706934465827290e+00 -4.768617927577231685e-01 -1.121576186771000017e-01 -9.685219973898023804e-01 -1.271060813808765622e-01 2.903922310705978060e-01 -2.824393067053444506e-01
-4.742695037330653396e-02 -3.935983016303969406e-01 1.139920590495242303e+00 6.285857916738987194e-01 4.544829245111557947e-01 9.500135858969928349e-02 -5.256302271813440008e-01 -1.431802765755282536e+00 1.718172253172683961e+00 -2.011575294051270169e-01 1.050991018485450956e+00 2.154103095072940344e-01
1.873948877966084559e-01 -1.710182839592837289e-01 -9.106658177456921077e-01 -1.044773483108159207e+00 8.208518422764463085e-02 5.451249793998945437e-02 1.152930381440560925e+00 4.770244048291770456e-02 4.220702563199890123e-01 1.053782101747721356e+00 3.901275764055632811e-01 -6.592339983197533781e-01
2.651026196196429319e-01 -1.354519406894470590e+00 -3.924121764129235301e-01 -6.354724314831403653e-01 4.908336807522761247e-01 -8.320128412777740845e-01 -6.248775387247363922e-01 -4.841085327714587938e-02 -8.650113513595248937e-01 -4.183046298033900046e-01 -4.218154891844104748e-01 9.189031571993133696e-01
