6.793525319389278616e-01 -8.899722265661521581e-01 3.453088248048981068e-01 -3.256604577403772183e-01 -1.282000905964935544e+00 2.704047965014520077e-02 9.357948391246704301e-01 -3.430708885763433802e-01 5.511666017699696773e-01 -8.469432140885818638e-01 -5.467243643719247315e-01 3.010155709175479366e-01
9.660751597875235630e-01 1.219002844896009741e+00 -1.294524875867495428e-01 -5.343815849891880854e-01 -2.729962253623929302e-01 -2.337833150332772059e-01 -2.165830404041522300e-02 -6.205788557992335530e-01 5.621449968353131599e-01 7.164398585903342109e-02 -3.778466880503604242e-01 -6.256091646106362036e-01
-1.088618377630851564e+00 2.999659040077934380e-01 4.726570041898125324e-02 -3.242349364915894649e-03 1.347913174842461759e+00 -1.048296064970585806e-01 8.077825087820689198e-01 6.343220852928106446e-01 -2.635198705071313263e-01 2.614410828356313887e-01 4.422966458138565260e-01 4.111986777822937422e-01
-1.936006208707349296e-01 1.698499556162561541e-01 5.482015082775241327e-02 -2.657835241841570717e-01 -6.676654401888216794e-01 -1.141311088939094720e+00 -8.488624052115231189e-01 -5.678664873585197448e-01 -9.614645763622858832e-01 -5.972180195446795681e-01 3.411885638653116420e-02 9.376928792541310287e-01
-3.504959989566959200e-01 1.400712044063972206e+00 3.032289952465562766e-01 -2.709005090454864595e-01 3.684096882122040589e-02 7.953283925275411725e-01 8.351748506370539060e-02 1.260838196437770398e+00 5.765628443056085572e-01 4.813238767395933149e-01 5.012389865530737509e-01 1.064518542037313775e+00
1.308183643941153718e-01 3.748994836598609215e-01 1.665932551200656198e+00 1.090115781482029617e-01 2.090065573878477356e-01 -3.965751083327523352e-01 2.744873346315949147e-01 1.097258733421585974e+00 5.739168129338894087e-01 2.278980842297212983e-01 -1.609231069838057859e+00 6.431419899004233720e-01
-9.677308343637824883e-01 6.391313013597949011e-01 -3.875063794585867916e-01 8.063162117034793352e-01 -2.870260811623642216e-01 -6.184716075618302833e-01 8.504801684633493952e-01 -6.542343715239010149e-02 1.065748980738242535e+00 3.070976989517266720e-01 1.280846781937009293e+00 1.503477744562108143e+00
-5.193381286074727488e-01 1.253478994789831991e-01 -4.289067622740834196e-01 -3.739007927239451634e-02 9.115041555829661579e-01 -1.343825559317747942e+00 -3.091822273528503362e-01 -1.790928592154736598e-01 -7.737378600967070863e-01 -3.352843928575467980e-01 6.989066794334867216e-01 -1.755088323032001907e-01
-1.589259440784376309e-01 -4.484654286867958972e-01 1.222602656125856946e+00 5.145755650483764265e-01 6.132447884386039300e-02 6.951159504145927592e-02 -5.202849872688782851e-01 -1.466509684770717969e+00 1.600295633758018754e+00 -4.401088192262845311e-01 1.038055368519342103e+00 7.204798710310077181e-02
1.766164117692983065e-02 -1.127517636597204220e-01 -6.975600512162420941e-01 -9.178445354423233615e-01 1.745379881375748454e-01 1.543233132082330872e-01 1.346651439199866518e+00 -8.666649553085584157e-02 2.660673335994657163e-01 1.260069713917395084e+00 3.995319327793118158e-01 -8.162967624218058216e-01
4.584814857872446803e-01 -1.223471094504296808e+00 -4.450425557206341698e-01 -7.115416605240606485e-01 5.778012116868652681e-01 -7.074310775260538309e-01 -5.893460680396507279e-01 -2.666375377241999023e-01 -8.991539454765687944e-01 -4.830176330157173181e-01 -2.015886879422378319e-01 9.539312498092925585e-01
