7.473590503706348809e-01 -9.077491823700293283e-01 4.070151001879624975e-01 -3.352348726676260271e-01 -1.260965704800707021e+00 -1.206382056650413259e-01 9.662723855049459853e-01 -4.805471894856690462e-01 6.686341982128991557e-01 -7.927759735271243668e-01 -4.905414873109569807e-01 3.709088086931666139e-01
1.124358677277581320e+00 1.140168745287310603e+00 -9.337092276720579398e-02 -4.313660594031655249e-01 -2.277353639303887067e-01 -1.171175479325597679e-01 -1.252527072367213279e-01 -6.360998753624464985e-01 5.075868037418171941e-01 1.538178785689141570e-01 -4.018460061667907257e-01 -6.318252343949176675e-01
-9.731777639792835721e-01 1.983656865214237786e-01 1.056405317877296274e-01 3.071447590320137977e-02 1.270739803606412144e+00 -1.602127523662985886e-01 8.022785557651991306e-01 5.505149886632653145e-01 -1.091731339543670076e-01 2.231212534824630889e-01 4.422966458138565260e-01 3.268821175368241683e-01
-2.192065769982639023e-01 2.308011085748941371e-02 9.070305198835176830e-02 -5.025180763320714616e-01 -6.676654401888216794e-01 -1.083750984772664294e+00 -6.453826831681355181e-01 -5.570428695623300674e-01 -1.115881137356959263e+00 -6.285562693232340514e-01 -1.115823654637150275e-01 8.167785002080139023e-01
-1.787214294831135641e-01 1.223356592177371027e+00 2.556521586583083150e-01 -3.784587803453751120e-01 9.861976633316209273e-02 1.028647690007092885e+00 8.351748506370539060e-02 1.191441171800288856e+00 7.085302669367016248e-01 6.031267540725058218e-01 4.353546567070064599e-01 1.037284847457384362e+00
2.578640735195506517e-01 4.863214059307705561e-01 1.693213024830662272e+00 8.642745502718568451e-02 4.141141364154840576e-02 -4.409744754636594211e-01 3.170762016664300242e-01 1.091867250780544474e+00 4.996394337551681164e-01 5.155475817300969599e-01 -1.556506978623120263e+00 4.949649885212628053e-01
-1.047412915175904180e+00 5.556528253707362364e-01 -4.637844050495921189e-01 7.645805914435080952e-01 -1.936977083126361354e-01 -7.187382493334895095e-01 9.002415688887425160e-01 -1.034179088439897976e-01 1.161041123190798885e+00 1.309056436553273639e-01 1.182477202091969826e+00 1.457990926420555500e+00
-3.905577818965181303e-01 1.058803668759556865e-01 -4.497390036705654626e-01 8.420963415592230827e-03 9.839519638423185333e-01 -1.245036362027861276e+00 -4.079298795079138729e-01 -2.289285282137313027e-01 -7.847744737460942144e-01 -2.117391311917133367e-01 3.053063485256022336e-01 -1.916734527876370053e-01
-9.847531820595539775e-02 -4.379978015869350205e-01 1.239935788245321246e+00 6.064014171713451029e-01 1.360693709255789974e-01 1.069961323942082432e-01 -3.048970846579197036e-01 -1.476362301434990032e+00 1.740086545846458721e+00 -3.606877481681540765e-01 1.073675072298970967e+00 7.059999859822155277e-02
1.423947288912449372e-01 -1.127517636597204220e-01 -7.396922500853206905e-01 -7.436016088498702548e-01 6.452383225583546711e-02 6.987687942342298009e-02 1.316088550720565742e+00 3.284274481174179194e-02 2.660673335994657163e-01 1.301856170580043326e+00 4.294946263162099931e-01 -7.642230358027168879e-01
4.584814857872446803e-01 -1.427860351580976683e+00 -3.950931421955853895e-01 -6.951898427147064075e-01 6.423974395826389516e-01 -7.524868204496948376e-01 -5.474480858375716519e-01 -2.295087402981599300e-01 -9.390273463711894530e-01 -3.584066179533187402e-01 -2.660099678383784916e-01 9.539312498092925585e-01
