6.976817923223630480e-01 -1.086069715587557161e+00 3.020708287917411861e-01 -3.416720514346313631e-01 -1.450496753548157436e+00 -2.282474749571632433e-01 7.335283024234718896e-01 -1.495046714486946149e-01 5.990429272983253117e-01 -9.606488981086398482e-01 -5.572147890553615923e-01 3.610420846401932726e-01
1.029330509911213332e+00 8.995394572280059897e-01 2.005622815254588798e-02 -3.781373406334927467e-01 -2.535605530958811582e-01 -2.614944520324439248e-01 -3.780416840818228569e-02 -6.329145415962844634e-01 6.724862385182527325e-01 -7.785726977893669964e-02 -5.483793059286183880e-01 -6.230501032129018846e-01
-1.021021073527710099e+00 1.769117208153279941e-01 -5.321480465798548998e-02 -7.341757040357574371e-02 1.001296657167068505e+00 5.834183973118446664e-02 6.461901712696218603e-01 2.055832968869032995e-01 -2.944443442970069713e-02 1.520813504351046230e-01 1.965171204929769266e-01 2.140470121547885518e-01
-3.228303695869827461e-01 2.229345919205129589e-01 1.191244383195910889e-01 -4.358076774443717105e-01 -9.827439353658682375e-01 -1.047061678199799895e+00 -7.207605857017942430e-01 -4.587111406777696354e-01 -9.290996603398806730e-01 -5.245202455323317858e-01 -2.129021076569376780e-01 1.025679340457432920e+00
-1.578684549956629879e-02 1.437151660374377693e+00 3.778907303137361562e-01 -2.162810603091920303e-01 -1.512161157227754349e-01 7.187664322230431502e-01 2.893962482674587444e-01 1.658459276602730403e+00 5.920728806691547552e-01 5.899589569607501804e-01 5.987941193630207382e-01 1.056746910219895863e+00
1.945925788563993009e-03 3.492649625797158985e-01 1.618694680477923420e+00 -2.165739934212409235e-01 9.399296016053194924e-02 -3.379048675415638470e-01 1.959381232286465102e-01 9.075214347308921958e-01 6.954509549855163453e-01 4.018707180288197400e-01 -1.439833124614920079e+00 7.378524721205743653e-01
-6.849615589919091363e-01 4.922789472786971432e-01 -4.338191538965219252e-01 7.843383924383385830e-01 -1.441955240586797748e-01 -6.050828192294525065e-01 1.048182294413143589e+00 3.519812503598655773e-02 1.139939801444759482e+00 2.761939931391310110e-01 1.417207975955255383e+00 1.558432625830247220e+00
-3.216901693274527019e-01 -2.330657921886423317e-02 -3.204610181261750013e-01 -2.478629401150331812e-01 7.410368160100827550e-01 -1.324051593495287671e+00 -6.464270677472622184e-01 -1.332510993359053986e-01 -9.265559157288804082e-01 -2.561360206286445451e-01 3.943490975322553327e-01 -3.071242907095244612e-01
1.512907891294958396e-01 -3.222516829673219285e-01 1.096876179816413277e+00 5.968451651319376383e-01 4.185264866818204643e-01 3.564055905901716836e-01 -4.399872379741057160e-01 -1.346097051155123347e+00 1.886854965554741748e+00 -2.201114117737972553e-01 1.128766210926501090e+00 2.623396726245197375e-01
9.613591176572172659e-02 -1.157807432380039969e-01 -7.114013938028299622e-01 -1.077512125050286373e+00 1.062946574762318602e-01 -1.593896616682217715e-01 1.251806728449743833e+00 -6.543214791300434874e-02 3.887497658957134727e-01 1.056543604208957543e+00 4.548776086383544692e-01 -5.605481272231451761e-01
3.329394808946416484e-01 -1.403494335372533319e+00 -2.111030230612503666e-01 -7.341919162407622990e-01 5.899090694096562615e-01 -7.987572757814610513e-01 -7.156321552373109407e-01 -1.803817528253935654e-02 -1.166065707703417775e+00 -5.648118558133343736e-01 -1.869650097086261731e-01 9.807024754292900104e-01
