6.196178624207727692e-01 -8.595070950016112654e-01 3.817149732843780341e-01 -1.408756585231140945e-01 -1.330272576030298914e+00 -3.255998738900981460e-01 1.023072933872563706e+00 -2.831048979781257691e-01 4.748413600552738312e-01 -1.205516658564572241e+00 -9.291611940957872351e-01 4.317321444118120133e-01
8.114051629607912375e-01 7.698751745222300880e-01 -1.133815281909843070e-01 -6.316745783888469412e-02 -1.452591606293911208e-01 1.598144987359787494e-01 1.563982683212841729e-01 -7.533888836524519350e-01 8.592236850848943286e-01 1.005258304748457565e-02 -4.551019985296349546e-01 -6.047887873635791056e-01
-8.489129386233409402e-01 6.932151484151057863e-01 1.572922588875715344e-01 -2.635350057056466411e-01 9.451994701265793442e-01 1.741774738285467583e-02 7.761964869093720409e-01 2.312206733668781822e-01 -1.124504200317665847e-01 4.473034572305021883e-01 5.599650148219568191e-01 3.096189984957766761e-01
-1.288139576841406675e-01 2.264062528468272217e-01 -8.125194458118226160e-02 -5.414190241808523041e-01 -8.072670411725246797e-01 -1.330639697473357419e+00 -5.743618970148378633e-01 -5.015871169519596773e-01 -6.992822225721434526e-01 -5.488376600398690019e-01 3.975210901398518182e-01 7.976115943783905760e-01
-1.409200173853826510e-01 1.491029510957058823e+00 2.179466041674965049e-01 -4.663768828967730373e-01 -1.247667986224705594e-01 9.658141038935523781e-01 1.912210831043318349e-01 1.444308382920572287e+00 7.333476616682298443e-01 1.104798223872336255e-01 3.510729988088374109e-01 1.119667576122171715e+00
8.606842167125414167e-03 1.582153853106776087e-01 1.769505199126688577e+00 1.121752598902184817e-01 2.236889525610916973e-01 -4.267421642970962159e-01 6.663108997294616698e-01 1.161361916426973284e+00 2.208420379621872931e-01 3.777731795329217213e-01 -1.360380342597822034e+00 5.258110524105864547e-01
-8.704635282503517812e-01 8.580512377656088763e-01 -2.408629347183801062e-01 1.256979791403963098e+00 -1.275652108775379712e-02 -6.599108496255620127e-01 1.221605044065932955e+00 4.686293606991479704e-02 1.052784315457743203e+00 1.383910165440596640e-01 1.334224297848902063e+00 1.100397195143843598e+00
-1.913915252440929471e-01 1.390850093956739753e-01 -2.510368393681772781e-01 -8.379857373765439710e-03 8.759459671517079160e-01 -1.154027233110112238e+00 -3.801246979191154063e-01 -1.309473242240033197e-01 -1.026289447210812167e+00 -1.990280273366145519e-02 4.810643960063619162e-01 -5.008084977159777962e-01
5.835789713711414528e-02 -6.973819996910987085e-01 1.244241411167330558e+00 5.672995558522750947e-01 2.573007485047795750e-01 2.156193147294364343e-01 -5.210157523369587929e-02 -1.691710975084223190e+00 1.870320220307389869e+00 -5.941427791608152598e-01 6.990458856861401227e-01 5.593077227514653416e-02
4.608527033557274222e-01 -4.176336279583475197e-01 -9.545607638544154616e-01 -9.883399345132194425e-01 4.307927788776822475e-01 -5.205674421900441384e-02 9.283478011554633369e-01 -1.809376553993738146e-01 4.242087339509108546e-01 9.312913245459816247e-01 5.318550156320157596e-01 -3.507377298771650609e-01
5.569500208643872741e-01 -1.200229478587218512e+00 -5.648895543689422816e-01 -5.955469270831371675e-01 6.085330845283969392e-01 -5.320899537829837378e-01 -7.187391992770347793e-01 -3.738797634196476261e-01 -6.536082453754337163e-01 -5.785166701497723718e-01 -1.689182647335926712e-01 3.107571844581957787e-01
