6.046164109755015614e-01 -8.343401674099173437e-01 3.552001007527396670e-01 -1.243716163318887014e-01 -1.236395174456477619e+00 -3.877744967648401042e-01 1.072453376310831263e+00 -2.931752648988271703e-01 5.155082765713544513e-01 -1.205516658564572241e+00 -8.655588290640620075e-01 4.317321444118120133e-01
9.117225840319601593e-01 8.099660945627554787e-01 4.154769882527940481e-03 -1.321463795169572908e-01 -1.422675640608327963e-01 7.346348037393723995e-02 1.563982683212841729e-01 -7.952742905115821603e-01 6.763329495148744375e-01 -2.262364166966226650e-02 -5.078580602321217663e-01 -6.414157857848387101e-01
-8.489129386233409402e-01 6.449696055196382227e-01 1.572922588875715344e-01 -9.664918850191180077e-02 8.802320451387634082e-01 1.517290435539281335e-02 7.761964869093720409e-01 1.702443111816638321e-01 -1.124504200317665847e-01 4.840114548837161079e-01 4.627754766537571784e-01 4.356389197663262380e-01
-2.101389285582930533e-01 9.202977807080858774e-02 -8.125194458118226160e-02 -5.300530268667250633e-01 -8.836854703159180424e-01 -1.300847825337282382e+00 -6.889491586770316589e-01 -5.262385769538904245e-01 -6.280929936532489988e-01 -5.488376600398690019e-01 3.142276059734895322e-01 7.553364825158968010e-01
-1.409200173853826510e-01 1.457046259831627610e+00 2.179466041674965049e-01 -3.835859272163510969e-01 -2.491826270311212066e-02 9.247319562801021853e-01 1.740145466658777340e-01 1.444308382920572287e+00 7.035345067249761941e-01 1.104798223872336255e-01 3.415808230986955296e-01 1.178719303102113480e+00
-8.702091669212733138e-02 1.393728880024180383e-01 1.723530315974191263e+00 7.638628899979969800e-02 1.423944542649252520e-01 -3.480672740601716275e-01 6.015724252532822502e-01 1.138188190093865515e+00 3.247373422433340595e-01 3.777731795329217213e-01 -1.363724207905866015e+00 5.549429068194376979e-01
-8.834316290135184602e-01 8.110465308553818087e-01 -2.408629347183801062e-01 1.104045743272570546e+00 -5.916260051417814025e-02 -6.573195765203690977e-01 1.224243489399106988e+00 -5.568856779720039729e-02 1.166528692484077423e+00 1.383910165440596640e-01 1.334224297848902063e+00 1.169985833934922947e+00
-3.129819859258923809e-01 1.250510034512162805e-01 -6.575652574913903869e-02 -4.672851286179054847e-02 1.008237996736615960e+00 -1.086470120824973851e+00 -3.376407697678933117e-01 -1.014875411206794947e-01 -9.309937636387681792e-01 -1.139292663926614463e-02 4.607206689572514446e-01 -4.165166641621066423e-01
1.426633195958779410e-01 -7.815067357953523475e-01 1.184450856260395701e+00 5.672995558522750947e-01 2.573007485047795750e-01 2.557286755048797100e-01 -5.210157523369587929e-02 -1.691710975084223190e+00 1.870386893775571435e+00 -5.665097429280370189e-01 7.307770047788232359e-01 5.593077227514653416e-02
2.127868089156730036e-01 -3.574503216531655370e-01 -9.872997191135204353e-01 -9.379655985816759411e-01 3.776487054300872725e-01 5.534757317019151079e-02 9.841260458391202226e-01 -8.718985199340209546e-02 3.976006783043735671e-01 8.677656028688213175e-01 4.606364406271385992e-01 -4.365282475917265370e-01
5.148585115673377510e-01 -1.253578920863809731e+00 -5.109478095102627515e-01 -6.556779724658124975e-01 6.085330845283969392e-01 -4.366227807051898391e-01 -6.834776243723885703e-01 -2.117595091344302849e-01 -6.110222582688376036e-01 -5.819908155620977519e-01 -1.161770912716841991e-01 4.362913918219405995e-01
