5.124082833408942772e-01 -8.626193222243460079e-01 3.552001007527396670e-01 -1.474231662877396043e-01 -1.266829079861721885e+00 -3.006758531800963197e-01 1.023072933872563706e+00 -2.976493353398436681e-01 5.751804460118994378e-01 -1.205516658564572241e+00 -8.492458610804036745e-01 3.634172251828348132e-01
7.505618052866122047e-01 7.698751745222300880e-01 4.154769882527940481e-03 -5.255258588679864035e-02 -2.678037115646620947e-01 6.157563482256123155e-02 1.563982683212841729e-01 -7.119264791132515757e-01 8.125741177858050168e-01 8.756435355358001271e-02 -5.078580602321217663e-01 -5.802774663081243789e-01
-8.489129386233409402e-01 8.702939517724904706e-01 1.572922588875715344e-01 -1.707011229222891169e-01 9.283854069234586115e-01 1.095009232248774084e-01 7.235421467237779236e-01 1.702443111816638321e-01 -1.124504200317665847e-01 6.001658652133117222e-01 5.591726301485623329e-01 3.096189984957766761e-01
-1.288139576841406675e-01 1.394404629487352443e-01 -5.866292250177334439e-02 -5.803304301765868090e-01 -8.072670411725246797e-01 -1.246133034115765037e+00 -6.301722638498378215e-01 -5.262385769538904245e-01 -6.992822225721434526e-01 -4.739423627027067876e-01 2.255823335416970166e-01 8.496659279034115553e-01
-1.286471998968951036e-01 1.463711058024540268e+00 2.179466041674965049e-01 -4.663768828967730373e-01 -2.085724339265605798e-02 8.390774215121684643e-01 2.430482648329215234e-01 1.444308382920572287e+00 6.317819745682933252e-01 1.001433483351248654e-01 3.510729988088374109e-01 1.237383819125594364e+00
-1.689931040662059625e-01 1.432282040795734290e-01 1.721580671285078079e+00 2.531596857974105497e-02 2.236889525610916973e-01 -3.136567663933851335e-01 6.999912143471391790e-01 1.226937191897579993e+00 3.294373291696083283e-01 2.935044136313689211e-01 -1.435036617913651114e+00 5.258110524105864547e-01
-8.042615602004129505e-01 8.906894829804938851e-01 -2.408629347183801062e-01 1.122643598327612624e+00 -5.916260051417814025e-02 -6.599108496255620127e-01 1.221605044065932955e+00 -7.826784115917903573e-03 1.089106410976706796e+00 1.383910165440596640e-01 1.334224297848902063e+00 1.169985833934922947e+00
-1.913915252440929471e-01 1.690094434750241126e-01 -9.417956632888462021e-02 -1.612255250926453859e-02 9.684743013631846864e-01 -1.086470120824973851e+00 -3.857094392308820785e-01 -1.309473242240033197e-01 -9.788139471435401973e-01 2.904247664761865771e-02 4.607206689572514446e-01 -4.165166641621066423e-01
8.746421414139485262e-02 -7.815067357953523475e-01 1.244241411167330558e+00 5.280164531688525953e-01 2.882269938855372415e-01 2.557286755048797100e-01 -1.409523290903567927e-01 -1.717065694586072500e+00 1.949640519076419443e+00 -4.450300782062232008e-01 6.606723642432159593e-01 5.593077227514653416e-02
3.913158819878882477e-01 -3.574503216531655370e-01 -9.579389456130388281e-01 -9.648998210084811511e-01 4.182823971503568661e-01 -3.353260362255092164e-02 1.055315693028135771e+00 -8.718985199340209546e-02 4.242087339509108546e-01 9.321509135294060444e-01 4.730660481991048050e-01 -2.950964188216939066e-01
5.569500208643872741e-01 -1.269316421482915125e+00 -5.634216394415778595e-01 -5.955469270831371675e-01 6.505612270869522984e-01 -4.366227807051898391e-01 -8.085174952500496781e-01 -2.847678153722046357e-01 -6.536082453754337163e-01 -6.695231402266096365e-01 -1.495684039956315103e-01 4.362913918219405995e-01
