5.277923934975479181e-01 -8.626193222243460079e-01 3.552001007527396670e-01 -1.474231662877396043e-01 -1.176796238703655240e+00 -3.006758531800963197e-01 1.023072933872563706e+00 -2.976493353398436681e-01 4.784751937477064732e-01 -1.205516658564572241e+00 -8.492458610804036745e-01 3.634172251828348132e-01
7.505618052866122047e-01 8.175001189730749518e-01 4.154769882527940481e-03 -5.255258588679864035e-02 -2.678037115646620947e-01 6.916623263790137865e-02 1.460402409335468110e-01 -8.029164949854109556e-01 7.605009642427634775e-01 -1.065962498534103395e-02 -5.078580602321217663e-01 -5.802774663081243789e-01
-8.489129386233409402e-01 8.702939517724904706e-01 1.572922588875715344e-01 -1.707011229222891169e-01 9.283854069234586115e-01 1.095009232248774084e-01 6.534901306758373885e-01 1.702443111816638321e-01 -1.124504200317665847e-01 6.001658652133117222e-01 5.591726301485623329e-01 2.332731536876012646e-01
-1.288139576841406675e-01 2.019946783241310384e-01 -5.866292250177334439e-02 -5.803304301765868090e-01 -7.770303197704151454e-01 -1.296262207509614406e+00 -6.301722638498378215e-01 -5.262385769538904245e-01 -6.992822225721434526e-01 -4.739423627027067876e-01 2.631105290093517235e-01 8.496659279034115553e-01
-1.286471998968951036e-01 1.463711058024540268e+00 2.179466041674965049e-01 -4.663768828967730373e-01 -2.085724339265605798e-02 8.390774215121684643e-01 2.430482648329215234e-01 1.444308382920572287e+00 6.317819745682933252e-01 1.104798223872336255e-01 3.510729988088374109e-01 1.206698610935928340e+00
-1.689931040662059625e-01 1.432282040795734290e-01 1.697154950260643780e+00 2.531596857974105497e-02 2.236889525610916973e-01 -3.136567663933851335e-01 6.999912143471391790e-01 1.226937191897579993e+00 3.294373291696083283e-01 2.935044136313689211e-01 -1.435036617913651114e+00 5.258110524105864547e-01
-8.042615602004129505e-01 8.906894829804938851e-01 -2.408629347183801062e-01 1.078968863347451013e+00 -5.916260051417814025e-02 -6.599108496255620127e-01 1.221605044065932955e+00 -7.826784115917903573e-03 1.094113079339273931e+00 1.383910165440596640e-01 1.334224297848902063e+00 1.169985833934922947e+00
-1.913915252440929471e-01 1.690094434750241126e-01 -9.417956632888462021e-02 -7.440369247301881206e-02 9.684743013631846864e-01 -1.086470120824973851e+00 -3.857094392308820785e-01 -1.309473242240033197e-01 -9.788139471435401973e-01 2.904247664761865771e-02 5.434254946325258739e-01 -4.165166641621066423e-01
8.746421414139485262e-02 -7.815067357953523475e-01 1.244241411167330558e+00 5.672995558522750947e-01 2.488807971700377764e-01 2.557286755048797100e-01 -1.409523290903567927e-01 -1.717065694586072500e+00 2.005815416796541406e+00 -4.450300782062232008e-01 6.606723642432159593e-01 5.593077227514653416e-02
3.913158819878882477e-01 -3.574503216531655370e-01 -9.579389456130388281e-01 -9.648998210084811511e-01 4.182823971503568661e-01 -3.353260362255092164e-02 1.055315693028135771e+00 -8.718985199340209546e-02 4.242087339509108546e-01 9.321509135294060444e-01 4.730660481991048050e-01 -2.950964188216939066e-01
6.197658813580729786e-01 -1.269316421482915125e+00 -5.634216394415778595e-01 -5.399391557158723653e-01 6.652948194404111337e-01 -4.366227807051898391e-01 -8.085174952500496781e-01 -2.847678153722046357e-01 -6.240949888529385703e-01 -6.569516616135948617e-01 -1.495684039956315103e-01 4.362913918219405995e-01
