5.694243292428721182e-01 -8.343401674099173437e-01 4.245877744853739366e-01 -1.408756585231140945e-01 -1.236395174456477619e+00 -3.401578948396168367e-01 1.038819975751510860e+00 -1.143690433915201393e-01 4.758539405600595851e-01 -1.220767437537079170e+00 -7.982669552839699589e-01 3.947771490062577104e-01
9.003826626132607203e-01 7.170190624200277751e-01 4.154769882527940481e-03 -1.061024049172162170e-01 -8.181595217727896663e-02 2.079472953319480288e-01 8.173300429619979879e-02 -7.952742905115821603e-01 8.125741177858050168e-01 -1.978108234484239614e-02 -5.078580602321217663e-01 -6.456985862237500928e-01
-8.489129386233409402e-01 8.965812130813586300e-01 6.228593717981008304e-02 -5.787831499616910569e-02 9.283854069234586115e-01 -6.522113973044327273e-02 7.761964869093720409e-01 1.545691591934678644e-01 -1.124504200317665847e-01 4.736784777862558804e-01 4.627754766537571784e-01 3.117002170459052812e-01
-2.101389285582930533e-01 1.394404629487352443e-01 -2.331705454922772258e-02 -5.803304301765868090e-01 -8.836854703159180424e-01 -1.240198993152603624e+00 -4.228544172571683801e-01 -6.183463176029563302e-01 -6.928857077290013766e-01 -5.488376600398690019e-01 4.178985555499722393e-01 7.672692804780157916e-01
-1.394624404695636033e-01 1.463711058024540268e+00 1.334852639759487314e-01 -4.663768828967730373e-01 6.096021037980754037e-03 9.247319562801021853e-01 1.797887381196075218e-01 1.494901543762401364e+00 7.398079601825292562e-01 1.908390735200127808e-01 3.510729988088374109e-01 1.188681366888990398e+00
-6.946173106414972598e-02 7.799039281351161090e-02 1.721580671285078079e+00 1.063143525866409311e-01 7.570382771622637119e-02 -2.668218887134239936e-01 6.663108997294616698e-01 1.048064625321103005e+00 3.247373422433340595e-01 4.241494040505434104e-01 -1.420330520351556602e+00 5.258110524105864547e-01
-8.894439197440353606e-01 8.580512377656088763e-01 -2.141428342800180684e-01 1.224193739788967061e+00 -1.645919140150349791e-01 -6.599108496255620127e-01 1.167785018135593766e+00 -7.826784115917903573e-03 1.022076847247595843e+00 1.519115944771030069e-01 1.334224297848902063e+00 1.184688314511923579e+00
-2.172459437441092711e-01 2.655554873978271946e-01 -1.979740530902956708e-01 -9.365100868423822944e-02 8.678059452127985240e-01 -1.138676222861545240e+00 -3.376407697678933117e-01 -1.309473242240033197e-01 -9.788139471435401973e-01 -1.139292663926614463e-02 2.513511503551648096e-01 -4.977847799875778079e-01
1.426633195958779410e-01 -8.002470968811996599e-01 1.197306603464148855e+00 6.952464940334383003e-01 1.337046651142183851e-01 2.557286755048797100e-01 2.139980209627542762e-02 -1.691710975084223190e+00 1.772064436721242586e+00 -5.665097429280370189e-01 6.806533032087189738e-01 5.593077227514653416e-02
3.917403134160404310e-01 -2.966499785571673486e-01 -1.016788471605134525e+00 -8.566165859476030375e-01 4.557221231520849347e-01 -3.353260362255092164e-02 8.190994298317829658e-01 -8.718985199340209546e-02 4.165962379558009188e-01 8.695913065061521285e-01 4.040085994306455430e-01 -4.216845578235460801e-01
5.569500208643872741e-01 -1.136050229320570093e+00 -5.648895543689422816e-01 -4.486386650348030969e-01 5.682057369671049685e-01 -5.467790504097906901e-01 -7.413402701595724897e-01 -1.877208023535426040e-01 -6.110222582688376036e-01 -6.695231402266096365e-01 -1.495684039956315103e-01 4.362913918219405995e-01
