3.136458270947748983e-01 9.825546479956897006e-01 -3.885502213922435999e-01 -1.002635779094227519e+00 8.933918221069292454e-02 7.795795833693979215e-01 4.930275826438239584e-01 3.456132453235983837e-01 4.844916532072379711e-01 3.538142725548764078e-01 1.986350142188165677e-02 -1.052572101015865069e+00
-9.361795351427194545e-01 -1.000561056573507024e+00 7.802366336823401971e-01 -2.949358001219135050e-01 2.785182737541939679e-01 -5.595731207231885440e-01 7.187797331968192038e-01 3.973975289493728025e-01 2.278950575236950993e-01 9.674310259248191102e-01 -4.101095599639722478e-01 4.501426515341016010e-01
-6.986140374594547175e-01 -9.247240276187668195e-02 4.145251931462077266e-01 -5.224104397462345784e-01 -7.084316610174089535e-01 1.121016043176355920e-02 2.924353708659255813e-01 6.930437655297213562e-01 -1.043028215786167445e+00 8.729856627474870123e-01 1.336863788096057937e-01 4.045406463769864458e-01
1.018285890854870972e-02 6.265002227148398495e-01 7.477865240038399364e-01 1.027782489988487286e-02 2.318347422697414340e-01 -7.261897529519342198e-01 -7.245749787943833731e-01 -7.816378598631849028e-01 -7.237846989604518333e-01 -8.526457975828426461e-01 -5.573164802570168552e-01 -1.110453659401431370e+00
-8.970300527264545298e-01 -7.278777276196166657e-01 -3.490500043483535375e-01 4.367495619199603940e-01 1.016502206083253590e+00 -7.344886539794516223e-01 -5.498482653925358399e-01 1.392239298828839567e-01 -2.333065715084667591e-01 6.976455914396770819e-01 -3.569450565382079055e-01 3.615976801050124201e-01
-5.021024873979571534e-01 -2.077962636452429512e-01 -7.843966212761096513e-01 -5.864963971939816112e-01 -1.624059348282096416e-01 9.374580065574933396e-01 2.455848183958836972e-01 1.199669780303261435e+00 -4.884769965089242327e-01 -6.609436941577414570e-01 -6.654052084049397742e-01 8.713515707272802002e-01
-3.117176371166200388e-01 -1.124267254685034745e+00 3.938850108305161912e-01 -8.640497477578329422e-01 6.593311540185001762e-01 -6.633477384440930047e-01 -3.810325380820947516e-01 3.878083437209393636e-01 -2.258526959830474135e-01 1.005554146208184729e+00 -4.183342420782155680e-01 5.762965707245673030e-01
9.063259734416508895e-01 9.528859090803054599e-02 3.730720950248546108e-01 3.813496516044406759e-01 -3.451480228826671048e-01 -5.533248337310785470e-01 -6.510099568953630067e-01 -2.511011935285437091e-01 6.095514396367450738e-01 3.245613893965745289e-01 -4.312433275729211646e-01 -6.969978817978605967e-01
-1.530049360670562075e+00 -6.016528606559493619e-01 1.800920180216142308e-01 -2.199432540840688399e-01 -1.385740415069460496e-01 8.339517842158349348e-01 -4.745994478694302854e-02 5.494214317087434685e-01 -1.203745950458163794e-01 -3.733021185929094043e-01 9.953895228622246238e-02 -5.375183168037186987e-03
-2.847160670832226681e-01 9.343462197791190249e-01 -3.715638903805466020e-01 2.445313882856561538e-01 1.999019440695710415e-01 -9.586800526052104976e-01 7.141490799495068265e-01 1.015265059889313370e+00 1.275993641315106286e+00 6.823609944785331560e-01 -6.212252888494899095e-01 4.478870695585037698e-01
6.471426289669321985e-01 8.243273100457155778e-01 4.306322409894385306e-01 -4.052532950096566222e-01 8.878545428612172330e-01 -1.244116706787376625e+00 -7.990937840523261171e-01 3.769476253514882913e-01 -1.028146342455363849e+00 2.430438703803173284e-01 1.917812817639259482e-01 6.738274478180441562e-01
