2.614788975943114768e-01 8.462619945750285977e-01 -7.909807682603534618e-01 -9.039261730650020032e-01 9.869188401576342584e-02 8.742412632672245110e-01 3.996646424991404656e-01 4.792642054138535057e-01 5.609935296500950797e-01 3.672420057151537520e-01 -1.144477371418882172e-01 -8.802919982761838735e-01
-9.680387807987186344e-01 -9.033285891773997767e-01 7.758066051013032816e-01 -8.433706955249645199e-02 1.848350490945958047e-01 -7.064214290904710092e-01 7.317795328429612667e-01 4.939333040021979815e-01 4.304277975326755157e-01 9.795387564487584298e-01 -3.536194942271927433e-01 4.546383529941472879e-01
-6.178981610597070739e-01 -2.052038647145401074e-01 3.742578244684505173e-01 -7.238492381925595298e-01 -7.551902928760978462e-01 1.591454992981260474e-01 4.230587125826203443e-01 6.626255389424579034e-01 -9.185373226249125000e-01 7.132540343805648941e-01 3.869822493280993259e-01 1.397081086847692388e-01
1.895696494701071821e-01 8.483447432407742461e-01 4.986096723246080664e-01 -1.293002018353509031e-02 2.739580357636980379e-01 -6.218411614862988657e-01 -6.755785780117117278e-01 -9.098026815225346287e-01 -8.581583785435106249e-01 -6.978542368461519985e-01 -4.059901274707999330e-01 -9.872359331889533074e-01
-8.546069381319403302e-01 -5.855022800642373237e-01 -2.286989485592067495e-01 6.573161187373898207e-01 1.053744770335665937e+00 -8.890378733844409576e-01 -6.355049391890584820e-01 2.240254217420441230e-01 2.523487104996406660e-02 8.972573475056675463e-01 -2.901125208022053426e-01 3.701922515693549243e-01
-3.511427945169821041e-01 -2.463911649531084769e-01 -6.321032922730843717e-01 -6.845853784298474576e-01 -5.220689744756003003e-01 9.173485876238233194e-01 2.042148430307108298e-01 1.179958276389788008e+00 -5.491706762159022093e-01 -8.505809209121112380e-01 -5.968158038157416190e-01 7.752363870091079079e-01
-4.777098026701344646e-01 -1.115709329714804410e+00 3.348604262424934030e-01 -9.691397605325061670e-01 5.967752679607020161e-01 -6.986839049987190187e-01 -4.453768966256423933e-01 2.894811536448905764e-01 -1.790964162269179372e-01 1.136594426528008794e+00 -3.778825029076743336e-01 2.211565891680835616e-01
7.641743530288883646e-01 2.193743006683033028e-02 2.849048998307704417e-01 5.253063996996711893e-01 -3.879667675309517172e-01 -5.368037920443725630e-01 -2.221583343587341386e-01 3.853169262462561445e-02 6.189082555988348888e-01 3.992121767547958111e-01 -1.732038563268579745e-01 -7.679237176309785529e-01
-1.332726660846742073e+00 -5.823385611839498877e-01 2.143537425487391235e-01 -3.091817477724519425e-01 -4.292803629386384712e-01 8.449998480740217310e-01 -6.761167591839177538e-02 5.200824018237902857e-01 -4.528624891615705139e-01 -5.567355194113435823e-01 3.373861602815788063e-01 -1.533813864895582357e-01
-2.462429695767360260e-01 8.370824275980538465e-01 -3.249403149704557237e-01 2.735445771348687383e-01 1.996672449417915551e-01 -8.065740769987563841e-01 7.600138634919756386e-01 9.839690311368992637e-01 9.321839189013645388e-01 6.699528627150102000e-01 -7.205339384743658648e-01 5.345042843190344062e-01
6.483388509433444247e-01 8.716625588155128002e-01 4.838898383303689155e-01 -4.631136733268776395e-01 8.476861948430479687e-01 -1.180105904148985418e+00 -7.396685180129385362e-01 2.834615574349246270e-01 -7.631349494653220100e-01 1.210538167686030231e-01 2.551885453981621033e-01 4.436939460564475191e-01
