2.939372404623840640e-01 8.414397043648926822e-01 -7.909807682603534618e-01 -9.175123647890108813e-01 -2.480578257051851976e-02 8.608318025608540092e-01 3.996646424991404656e-01 4.792642054138535057e-01 5.277700583306962345e-01 4.870799784738394367e-01 3.826123828139599281e-02 -9.634899454648281347e-01
-1.046287973730293475e+00 -9.503826609367852507e-01 7.852411234696863307e-01 -2.343301278208076988e-01 1.135679038281079134e-01 -7.064214290904710092e-01 7.565514642417134894e-01 4.568487897347322524e-01 3.681355063143684214e-01 9.795387564487584298e-01 -2.018880665623063453e-01 4.546383529941472879e-01
-5.768851632477771663e-01 -1.942115872084228811e-01 4.666066363035997200e-01 -6.730599637751687458e-01 -7.551902928760978462e-01 3.877515201523737409e-02 2.953786831681862735e-01 6.686331188201454223e-01 -9.053160239172508561e-01 7.986841637435114771e-01 4.324473408793334528e-01 2.394660396730875218e-01
1.925889913309945800e-01 7.704147324306546141e-01 5.599694887421481360e-01 -2.270418737128203635e-01 1.773964418235919882e-01 -5.439514066336857967e-01 -5.980745492016992237e-01 -8.282151386225083955e-01 -7.092120951298198639e-01 -7.044959104210903877e-01 -5.548570360232220056e-01 -9.967489037982888433e-01
-8.546069381319403302e-01 -5.893543315765007451e-01 -3.262190667898214880e-01 7.154006081283945662e-01 1.038345758567488897e+00 -8.890378733844409576e-01 -6.434388849353001039e-01 2.731492067680716396e-01 2.523487104996406660e-02 7.921338162381812431e-01 -2.385645139342636445e-01 3.701922515693549243e-01
-3.827149177567749638e-01 -2.463911649531084769e-01 -6.127102778163940888e-01 -7.664790616806987922e-01 -4.970354991933815247e-01 9.841763013921986936e-01 2.042148430307108298e-01 1.179958276389788008e+00 -4.510274141444247653e-01 -7.260572377285117174e-01 -5.270716252361469234e-01 8.965601222081897026e-01
-5.599589395451645135e-01 -1.097482159354114195e+00 1.642650267412466281e-01 -1.017396610813387170e+00 5.967752679607020161e-01 -6.986839049987190187e-01 -3.583946162580529116e-01 2.292708235831477370e-01 -2.498395964013165327e-01 1.142214663531692098e+00 -2.697498400961458875e-01 2.121034737405037007e-01
7.060679400189658894e-01 -6.799144208286679592e-02 2.849048998307704417e-01 6.075263105144405040e-01 -4.646807366893912494e-01 -5.090558546310625099e-01 -2.570111061290872301e-01 6.779293166662267445e-02 5.609046357433287167e-01 4.691417015897502707e-01 -1.732038563268579745e-01 -7.797396534598078910e-01
-1.332726660846742073e+00 -6.457340652543609449e-01 2.143537425487391235e-01 -3.242554366935234689e-01 -2.637629857813767464e-01 8.226076569944962280e-01 -7.665543096413024449e-02 6.404458635361622854e-01 -4.528624891615705139e-01 -5.567355194113435823e-01 3.373861602815788063e-01 -6.617963877398862216e-02
-2.462429695767360260e-01 9.014816807071175386e-01 -4.487529494275520614e-01 2.184314405892128219e-01 1.632683882466859915e-01 -1.001243588518083483e+00 6.799959994774292804e-01 1.038789108706249298e+00 9.402952521963260368e-01 6.699528627150102000e-01 -7.205339384743658648e-01 5.345042843190344062e-01
6.752206032277832115e-01 8.243273100457155778e-01 4.002180537080856082e-01 -4.631136733268776395e-01 8.082417762645091042e-01 -1.049587906030218454e+00 -8.335631470029668533e-01 2.254745826784272933e-01 -7.327424887976629053e-01 2.059316481876791727e-01 2.129497651304438632e-01 5.233228223352827113e-01
