2.614788975943114768e-01 9.109589474133618081e-01 -7.056224455702322373e-01 -9.651398513681892499e-01 3.248337459510679259e-02 9.352864340091845419e-01 4.941733214829219234e-01 3.966136673297928072e-01 5.383158955869750129e-01 3.809608057668935066e-01 7.510126615167619923e-02 -9.634899454648281347e-01
-9.614917769972708417e-01 -9.503826609367852507e-01 8.043479070773313921e-01 -1.901613828755177593e-01 2.218035581462812766e-01 -7.064214290904710092e-01 7.622858288769550628e-01 4.551943226958388711e-01 3.637345386482531695e-01 9.795387564487584298e-01 -2.104931330064681305e-01 5.503058507278972833e-01
-9.333606472588366065e-01 -2.399882336725432386e-01 3.425582014867702974e-01 -6.997610523511780256e-01 -7.551902928760978462e-01 3.877515201523737409e-02 3.630908072988472401e-01 6.686331188201454223e-01 -8.118020120564772846e-01 8.578562724539435802e-01 5.131698633164326617e-01 1.298358079409077936e-01
2.138043679017797016e-01 7.600997859357759845e-01 3.443670929831207372e-01 7.208713497909136070e-02 2.043974952917854693e-01 -6.629150216749093438e-01 -7.444932445398553256e-01 -9.343823759935858675e-01 -7.616684569733347399e-01 -6.740330386630120074e-01 -4.767943783246343381e-01 -1.107473702040458585e+00
-8.716359252365154520e-01 -6.350385589306452028e-01 -3.658587751167139968e-01 6.572621723384678427e-01 1.009293874863171236e+00 -9.056658341885266417e-01 -6.533901700557721570e-01 2.240254217420441230e-01 2.523487104996406660e-02 7.570439728068359964e-01 -9.750482170909953450e-02 3.925224317892776482e-01
-2.758332392889818463e-01 -2.686338561356265142e-01 -6.660992680507669128e-01 -5.884357041154124612e-01 -2.718260044872197190e-01 9.648049648168270931e-01 2.042148430307108298e-01 1.162009971429872834e+00 -3.365466699687160723e-01 -7.774084987614332531e-01 -5.462205275583928987e-01 8.080922353940303005e-01
-4.314187555682104103e-01 -1.115709329714804410e+00 4.292108776760948929e-01 -1.025396903237401514e+00 4.385918329797889315e-01 -6.968077110581530897e-01 -3.882350845872833967e-01 2.157620269913854694e-01 -2.206676135468298439e-01 1.188209645252123137e+00 -2.468480848246977777e-01 1.980579355132413288e-01
8.538037670218254771e-01 9.400084496377579535e-02 3.901556205948173428e-01 7.355868256088264889e-01 -3.879667675309517172e-01 -6.193245711911633533e-01 -1.898823506144450279e-01 -1.127761295973694899e-04 4.199547691063774679e-01 4.078719196486211285e-01 -1.790176900145100392e-01 -7.797396534598078910e-01
-1.117590270849573519e+00 -5.823385611839498877e-01 2.143537425487391235e-01 -3.276531179880107225e-01 -2.442178933099139471e-01 8.203588546624245303e-01 -1.209820854577130372e-01 6.030229336325269029e-01 -4.528624891615705139e-01 -3.953444904080765099e-01 3.612207140215012435e-01 -1.226212438537882532e-02
-2.850422651280127839e-01 8.370824275980538465e-01 -4.636642524046954983e-01 2.184314405892128219e-01 1.402045544147757505e-01 -1.100035454470500440e+00 7.658204867537941052e-01 9.427894063924597834e-01 8.487422476632381363e-01 7.015438693241240475e-01 -7.210780336578932470e-01 4.420923122698019458e-01
5.788272721892226969e-01 9.364551672192416021e-01 4.642508216239850105e-01 -3.582079764145035261e-01 8.476861948430479687e-01 -1.122237972766803260e+00 -8.580585509825913171e-01 1.856566638349178566e-01 -7.687037832558611949e-01 2.059316481876791727e-01 2.529101446523545071e-01 5.666362816923841139e-01
