2.614788975943114768e-01 9.109589474133618081e-01 -9.138537795091383753e-01 -9.442167306281626926e-01 8.208035634146455817e-02 9.189653078404380615e-01 4.451079446087274349e-01 3.966136673297928072e-01 5.609935296500950797e-01 3.809608057668935066e-01 -2.220923375949545447e-02 -9.634899454648281347e-01
-9.522311158304787027e-01 -8.790157915914591502e-01 7.896757892057896244e-01 -2.146265657313431996e-01 2.218035581462812766e-01 -6.335807012772147750e-01 7.622858288769550628e-01 4.706530615405798978e-01 3.681355063143684214e-01 8.817316677509444700e-01 -2.210765860992843224e-01 4.599755025569197686e-01
-8.693697193212667207e-01 -2.284742254510372661e-01 4.344371680016467785e-01 -5.313655493013678122e-01 -7.551902928760978462e-01 -7.958275506965463431e-02 3.630908072988472401e-01 6.686331188201454223e-01 -8.321264578221523323e-01 8.578562724539435802e-01 3.660994671067580586e-01 2.082031211645515023e-01
2.305738394575056194e-01 7.111040902768471783e-01 4.675593304299127118e-01 4.982085313874206473e-02 2.676012392443709031e-01 -6.919005190533417116e-01 -7.663301747584978507e-01 -8.574951751334913830e-01 -7.797655826920297795e-01 -7.044959104210903877e-01 -3.975347448079972756e-01 -1.065897639886221882e+00
-8.995134139340699164e-01 -4.930851452780075084e-01 -3.939761212535174417e-01 5.175636795000558843e-01 1.052448382933165671e+00 -8.827319770081464290e-01 -6.886905285677055177e-01 1.621437570336289880e-01 2.523487104996406660e-02 6.895354769043526844e-01 -1.837566650015083347e-01 2.976824506025260719e-01
-3.791660258289144547e-01 -2.807498718572503660e-01 -7.102039632143799519e-01 -5.884357041154124612e-01 -3.627844556420219968e-01 1.024091974331017507e+00 2.050633788099454902e-01 1.162009971429872834e+00 -3.979141692654400431e-01 -7.895622616942634675e-01 -4.442204864201052539e-01 8.626992967864377526e-01
-4.777098026701344646e-01 -1.115709329714804410e+00 3.246313468298658300e-01 -1.063015265326212377e+00 6.104157160848160402e-01 -7.697526660447006064e-01 -3.882350845872833967e-01 1.195087667525243091e-01 -1.613123729908377268e-01 1.192852174188989700e+00 -2.174992016852901888e-01 2.016974631522807648e-01
8.538037670218254771e-01 2.023322632588905878e-03 3.548621353936557976e-01 5.361785552367450691e-01 -3.879667675309517172e-01 -6.193245711911633533e-01 -2.336521199478044652e-01 -9.197139342468968470e-02 5.131977803356478907e-01 4.477797670619951820e-01 -3.037525142937815836e-01 -7.378468907393237464e-01
-1.198878541735283854e+00 -5.823385611839498877e-01 3.624366277914352064e-01 -3.276531179880107225e-01 -2.919082693244312021e-01 8.203588546624245303e-01 -8.267918667300735991e-02 6.030229336325269029e-01 -2.898232385624240903e-01 -4.743585260906836854e-01 2.622876978068690024e-01 -1.191459194114614095e-01
-2.850422651280127839e-01 8.370824275980538465e-01 -4.325152522669396538e-01 2.906025848116988719e-01 1.667751725681549946e-01 -1.197231691783388285e+00 7.817288041138549248e-01 9.009669385863090518e-01 9.669589656726435001e-01 6.875034521197415094e-01 -6.527545939439479694e-01 4.420923122698019458e-01
6.726274516833024020e-01 8.937274635352752128e-01 4.856120578085146855e-01 -4.611201789697961240e-01 9.427266908106392007e-01 -1.122237972766803260e+00 -7.693753629462380950e-01 3.156623165053599744e-01 -7.682576114424228830e-01 1.234753591764303909e-01 2.168398739382975948e-01 4.911431692347358879e-01
