7.345189441084907234e-01 -1.216838824416745846e+00 -4.594920689502819400e-01 3.134426688777881553e-01 -1.129477030230279233e+00 1.531678787647297590e-01 7.629956411980020059e-01 -3.941126586589958625e-01 4.972292741368875557e-01 -3.177926541312892650e-01 7.330726513487750666e-03 9.107597022466704662e-01
7.405257659782912283e-01 9.018909952357805349e-01 4.528585115668993799e-01 -4.637342839243192572e-01 -1.281180951040445937e-01 -3.854032445772973547e-01 1.472290055543866716e-01 -1.019718660183502434e+00 9.132423683912629375e-01 1.234491711691577814e-01 -4.795852031106899727e-01 -8.043756536635180421e-01
-9.011962287075470091e-01 2.490572071289111344e-02 -4.475360822763106983e-01 -1.165740372945821279e-02 1.479035993534908000e+00 -9.792266062146141037e-01 1.085783687461101765e+00 7.408413797141225610e-01 -8.145697092793406646e-02 7.828470099068183252e-01 1.124009440413660910e+00 3.790680938980307002e-01
-3.220823434817087771e-01 5.794054396088084147e-01 -1.523442257001625944e-01 -9.438031114383785836e-01 -8.274557577600163416e-01 -1.681360470637838889e+00 -1.192499830177355946e+00 -4.074020876941672475e-01 -8.813096246675032885e-01 -1.032924983193774793e+00 -5.901370042372865166e-03 6.443669450256458431e-01
4.194071582470228904e-03 1.743546183284542916e+00 2.371048371708964209e-01 -2.003395609930264110e-02 3.278208997587586104e-01 1.020415776963074395e+00 -3.198748053513157941e-01 1.819516522687778304e+00 1.041850427197200224e+00 1.134612219626730090e+00 1.066727480616971535e+00 1.040426424573178910e+00
1.926801821487870992e-01 4.039599688947976275e-01 1.614967218691813144e+00 -4.421742305799714057e-01 -4.569253957184594983e-02 -7.205660287295158062e-01 6.882257635648320049e-01 1.601532898028381835e+00 1.278505898002521679e+00 7.603789829788917265e-01 -1.495659808702569205e+00 8.634553554671631215e-01
-9.268738295518971215e-01 5.283653392989208220e-01 -6.282994409784257162e-01 9.901119309271764202e-01 -9.428008674653677312e-01 -8.130072200252023151e-01 8.639056794307898857e-01 -1.491920583354036482e-02 5.993072919932448395e-01 9.041498565614819460e-02 1.193714640428527041e+00 1.673403594302756980e+00
-5.896092618534020530e-02 -7.415103702890557535e-01 -1.013147269237510972e+00 -4.655273932644489188e-01 5.682364425241098749e-01 -1.437767387313549472e+00 -4.741659495480232689e-01 -1.035008630849233308e-01 -1.795140982453043321e+00 -5.290872235271038698e-02 1.867497709937256389e-01 -7.575528071535656549e-01
6.378118059245733995e-02 -2.219695846248768700e-01 1.267610539384101509e+00 6.046876704108212763e-01 6.655521140361719823e-01 2.765188381755828706e-02 -7.655916872084517211e-01 -9.865009555582636702e-01 1.710379637843819411e+00 -5.067473844277872175e-01 9.511706793258909443e-01 8.282704597258134793e-01
-3.663148879300043848e-01 1.551113450162457386e-01 -4.822793704283552252e-01 -1.068603249897257745e+00 2.907582789919301858e-01 -1.448887261771615309e-01 1.215500817063469796e+00 4.755815471296590546e-01 3.146095442668553899e-01 1.218092207671287674e+00 5.712168932972205848e-01 8.295255742035198554e-02
1.073862944359593175e-01 -1.588611757865372898e+00 -2.717968062923156736e-01 -1.612923518643256449e+00 5.105994453220980001e-01 -1.482455743648645186e+00 -7.986020617469185012e-01 -3.543427680541770819e-01 -1.046169943826681381e+00 -4.319519100449424887e-01 2.391586518809092621e-02 7.972052010468556604e-01
