6.199010243362499395e-01 -1.288161881892302851e+00 -3.124371924917155874e-01 3.134426688777881553e-01 -1.126641709421802195e+00 1.531678787647297590e-01 7.772030198942737611e-01 -2.311355723662300576e-01 4.354953851230905504e-01 -4.513165629990584238e-01 6.869574157701341388e-03 7.765223652872352833e-01
7.287742056567109161e-01 9.968097571366819620e-01 4.528585115668993799e-01 -3.874570692054887244e-01 -3.925380452007480592e-02 -3.854032445772973547e-01 1.624819052867063074e-01 -9.987037195589176797e-01 8.841500399947642697e-01 2.703532715875973935e-02 -5.006003885351575367e-01 -9.240450874468104647e-01
-9.516630039670994634e-01 2.490572071289111344e-02 -4.475360822763106983e-01 -9.337812398032818706e-02 1.376419930505738964e+00 -8.959490651691303098e-01 1.160971828246826432e+00 7.408413797141225610e-01 -8.145697092793406646e-02 7.828470099068183252e-01 1.205014010105114775e+00 3.790680938980307002e-01
-2.962545462455024592e-01 4.964376265442141944e-01 -1.523442257001625944e-01 -9.438031114383785836e-01 -8.250747741314407024e-01 -1.610758442273212410e+00 -1.192499830177355946e+00 -5.889794774163515934e-01 -9.242030710869626464e-01 -9.770050281474973453e-01 -3.857812960400640312e-02 8.222405864766686445e-01
-6.726506035565021913e-02 1.702819890246925816e+00 2.973877929543458087e-01 -1.648484522414541131e-01 2.097846308263997539e-01 1.020415776963074395e+00 -3.198748053513157941e-01 1.744326903053240896e+00 1.227344531055963195e+00 1.052763244133671394e+00 1.066727480616971535e+00 9.903005251169632039e-01
2.769132569725584747e-01 4.039599688947976275e-01 1.603251189472401084e+00 -3.821250355294132373e-01 -4.569253957184594983e-02 -8.228104242835034832e-01 5.412280618036729996e-01 1.601532898028381835e+00 1.338464048824093311e+00 7.228536700659419223e-01 -1.495659808702569205e+00 8.634553554671631215e-01
-1.008566663720090739e+00 4.074326203898855359e-01 -6.534862329877407783e-01 1.008681949331020844e+00 -8.787102580946951624e-01 -7.117103327857071671e-01 9.023031670485177624e-01 -3.822901872558704534e-02 4.985986426308784414e-01 4.668783735308789512e-02 1.193714640428527041e+00 1.704219901474468113e+00
-5.896092618534020530e-02 -6.861139730379706148e-01 -1.064688724321191549e+00 -6.330414164783730868e-01 5.682364425241098749e-01 -1.512013490869962062e+00 -2.946502850531929618e-01 -1.015135875531291282e-01 -1.646688669309556818e+00 -1.108955368749566794e-01 4.491570217766388540e-02 -7.888638546495451154e-01
-1.585306611354376713e-02 -3.028915273280834430e-01 1.106927042539447070e+00 6.282926825532135773e-01 5.632653129436853146e-01 2.765188381755828706e-02 -6.756800518771080011e-01 -1.051213913035164538e+00 1.954944881137177681e+00 -5.067473844277872175e-01 9.665635994986420121e-01 7.820991950517729441e-01
-2.613002049603025956e-01 1.551113450162457386e-01 -4.822793704283552252e-01 -9.914849042667316370e-01 2.907582789919301858e-01 -1.448887261771615309e-01 1.294429214651421356e+00 4.790835687703565715e-01 3.146095442668553899e-01 1.286375250197274278e+00 3.908968397154287122e-01 8.295255742035198554e-02
1.037932038675553337e-01 -1.543173348175654436e+00 -1.874250414789944141e-01 -1.612923518643256449e+00 5.455483507338356741e-01 -1.503777004027617270e+00 -7.986020617469185012e-01 -3.543427680541770819e-01 -1.089179381299811400e+00 -6.333757955698861020e-01 1.176635105897889527e-01 9.234280467917004298e-01
