6.725755428797413060e-01 -1.192285747714105781e+00 -4.350366272321555261e-01 4.099491921833853803e-01 -1.185765136767469530e+00 1.531678787647297590e-01 6.395529330634392995e-01 -2.959065569132171558e-01 4.972292741368875557e-01 -2.631969039161655144e-01 6.869574157701341388e-03 6.957110417532670343e-01
6.943899486090309159e-01 8.304199537831112865e-01 4.151487495491309465e-01 -3.874570692054887244e-01 -9.932375831750642203e-02 -3.837053145680008326e-01 4.403334732629471393e-02 -8.948569624620780205e-01 1.040934986277404217e+00 -1.166421434062434731e-02 -4.998552712268900522e-01 -7.994629734976486102e-01
-9.691079634806832876e-01 3.558837500276056803e-02 -3.532850217045010455e-01 4.877856307257630308e-02 1.423643561137883928e+00 -8.948353932690878976e-01 1.122148807202715259e+00 8.124922528769640273e-01 -5.615295941055677836e-02 7.693417003823437295e-01 1.205014010105114775e+00 5.978090306133452270e-01
-3.513171434621478739e-01 5.679366008795820875e-01 -1.924692225615460273e-01 -9.438031114383785836e-01 -8.274557577600163416e-01 -1.681360470637838889e+00 -1.205828283353083341e+00 -4.074020876941672475e-01 -9.242030710869626464e-01 -1.046040964710501120e+00 -5.901370042372865166e-03 6.621947031004714601e-01
-2.636609075743590047e-02 1.620934710941442702e+00 2.921294037500016261e-01 -8.800391328218901132e-03 2.461696723464214531e-01 9.437035163829844420e-01 -2.503964113568154515e-01 1.819516522687778304e+00 9.541197031685297869e-01 1.067015668175720133e+00 1.088720147015467488e+00 1.040426424573178910e+00
1.238641333532112393e-01 4.616673436935169184e-01 1.778027723398527105e+00 -3.893933868334734094e-01 -4.351301492127052084e-02 -8.035664723965827427e-01 7.317982200056496467e-01 1.555604942047881023e+00 1.313747237859757888e+00 7.603789829788917265e-01 -1.555105581144436755e+00 9.371521857764130159e-01
-8.905606051391768974e-01 4.646041571622194777e-01 -6.553063112791230882e-01 1.059996970996947896e+00 -9.566509437989372255e-01 -8.105821390368368462e-01 8.639056794307898857e-01 -1.491920583354036482e-02 5.642257997564276151e-01 2.701256236780328474e-02 1.144747428111380971e+00 1.625040874924522427e+00
-1.827466547257251828e-02 -6.861139730379706148e-01 -9.416030234761718631e-01 -6.086753362088385133e-01 5.546234216469173584e-01 -1.434222558041466700e+00 -3.791599167555977923e-01 -1.035008630849233308e-01 -1.736161232371174368e+00 2.116782747019505667e-02 1.541806411799307441e-01 -7.525869565240905779e-01
1.034989989079556846e-02 -2.236292567334279280e-01 1.249825855878565539e+00 7.263704714913641336e-01 6.922937925155167038e-01 1.308168409147689726e-01 -6.555375575381857667e-01 -9.865009555582636702e-01 1.843084600395105133e+00 -5.966992096480051577e-01 9.511706793258909443e-01 8.282704597258134793e-01
-2.156280104290461130e-01 1.551113450162457386e-01 -4.341559741211227785e-01 -8.839943344029048689e-01 4.238045419719127516e-01 -4.632728583809497813e-02 1.288476244610700983e+00 5.842427759440305124e-01 4.511553990708470074e-01 1.128141406849928474e+00 4.758946488285619725e-01 8.295255742035198554e-02
1.599036167802788677e-01 -1.482612903346397282e+00 -3.695589691406133692e-01 -1.461188994754169412e+00 5.455483507338356741e-01 -1.433390195029702552e+00 -8.605086703312806451e-01 -2.789295513349318023e-01 -9.666140861059676626e-01 -4.454822377510172515e-01 -3.144280208627253659e-03 6.295760858983522334e-01
