4.557850175315000252e-01 -1.238287919690129746e+00 -3.631808871143280548e-01 1.490662510258773388e-01 -1.243478305378550974e+00 4.663402046104857951e-02 5.278057319963880278e-01 -3.307959986018471077e-01 6.080587256026525056e-01 -2.315684550265436903e-01 8.973442474983980843e-02 8.505231951976877092e-01
6.004755972113082763e-01 9.765851136103392838e-01 6.221799630712562257e-01 -6.563829731883891183e-01 -7.313141827976189779e-02 -3.033655983951102919e-01 1.430562914064510971e-01 -1.182456753568201124e+00 1.054956836356367722e+00 2.827089033796669204e-01 -5.650327544789074397e-01 -7.865031137074738332e-01
-1.028319423832081636e+00 -5.897150924531430194e-02 -3.824599620517682985e-01 3.939162183465688694e-02 1.089560977798088803e+00 -9.326847412210119703e-01 1.133215256015140948e+00 7.918846866600731671e-01 -5.446147706927999266e-02 6.490934399081365047e-01 1.178863770515273579e+00 1.635687172571800851e-01
-3.046887982587483945e-01 5.371932680006280547e-01 -3.856011844004822997e-01 -6.735093148558797260e-01 -9.591006989378899616e-01 -1.766927743545628093e+00 -1.363670738207637623e+00 -3.149301749126471872e-01 -1.108702587012466267e+00 -1.046097652815016321e+00 5.189020068729961743e-03 5.829644115601986254e-01
3.554414739478220508e-03 1.562674117563952914e+00 2.877806285304160272e-01 -8.965715159923755284e-02 2.584841162574457729e-01 1.300847916491109757e+00 -2.411403208619574412e-01 1.927455007928299935e+00 9.229085198846329607e-01 1.294250329134564392e+00 1.023325318252216620e+00 1.086726776021498919e+00
1.897950507260760533e-01 3.497569835800788951e-01 1.830559532944185497e+00 -4.465535022254622788e-02 -1.719422307643709291e-01 -8.181698929136285159e-01 3.183637195014940025e-01 1.508714688902874412e+00 1.146324017989805766e+00 6.640525094772530279e-01 -1.453925338351555130e+00 1.069362973578815268e+00
-9.045388393219834233e-01 4.475405971999781296e-01 -3.303798041046726031e-01 9.642619194667906291e-01 -7.896127335281322157e-01 -6.959350224893846582e-01 9.650879095728445156e-01 3.870166729754414003e-01 8.153805149038820810e-01 8.337243096067070702e-02 1.199952795295316399e+00 1.828484792378073154e+00
-1.116310881618345630e-01 -7.749826962322686752e-01 -9.167661378477673928e-01 -6.454785479805057458e-01 7.247477613865979107e-01 -1.354823952038159307e+00 -2.531842503961524438e-01 -3.477411342159064667e-02 -1.502161369187588580e+00 -2.290562357754804546e-01 3.572125540258254406e-02 -6.640864517474174278e-01
-2.464200410615523529e-01 -3.350314762904642030e-01 1.344213647795387212e+00 8.511384594472189979e-01 4.089915534050992396e-01 6.848446955953899073e-02 -7.729204041573910500e-01 -9.080363938125025625e-01 1.797396837157781535e+00 -4.275650428276275838e-01 9.068552716325738450e-01 7.541634681091470283e-01
-1.284988308865772366e-01 3.576171808279007824e-01 -5.631691236248537180e-01 -1.069888667595436660e+00 2.136483168058463389e-01 -2.818430984482903634e-01 1.118986035187411243e+00 6.525584999326097257e-01 2.140303915235866050e-01 1.175243927894675577e+00 7.876227388966489107e-01 -8.306784931922293891e-03
3.385408489417661149e-01 -1.438232845858712583e+00 -1.235290361664862779e-01 -1.517662354947854508e+00 3.599651868983346770e-01 -1.513187611875413063e+00 -9.031431640049960574e-01 -5.073395934627833448e-01 -1.192676369370095912e+00 -3.595308965444029003e-01 1.669233818364957433e-01 8.853591986252844492e-01
