7.447532757969335115e-01 -1.178341797154426773e+00 -1.116527450164135488e-01 2.544192429004525358e-01 -1.327287138201537209e+00 2.789502696797566128e-01 7.735070149668303863e-01 -2.617900754906863914e-01 3.925364552676072760e-01 -3.324931690875379542e-01 -2.222341225944143850e-02 7.592708207571738921e-01
7.524870050961169898e-01 8.436784506634500413e-01 4.528585115668993799e-01 -2.859884030430916435e-01 -4.418000696452237253e-02 -3.687067474833272129e-01 -8.857257007942950788e-02 -1.034170824697637769e+00 1.027940620902970004e+00 5.944444137946337803e-02 -6.018003763965695807e-01 -9.358608213745331916e-01
-1.047198120784377462e+00 -6.988161228299782923e-02 -3.444182326825535045e-01 6.926572424932112004e-02 1.463801902840685676e+00 -7.781463144581159952e-01 9.682692110351419634e-01 7.234954904074354376e-01 -7.053678690484566083e-04 8.207029921040717158e-01 1.130172303077519924e+00 4.640548991643232979e-01
-1.677816040432511535e-01 6.524273492775684025e-01 -2.716659856157967456e-01 -7.859803910748647260e-01 -8.892563934181048069e-01 -1.752603774772716783e+00 -1.234254566917077023e+00 -5.054790120902942219e-01 -8.640105029821758542e-01 -1.035573622707213426e+00 5.239211006083112354e-02 6.882019209975757112e-01
2.785030993378818931e-02 1.530594435227580652e+00 1.468962475760632325e-01 -6.150493973834142425e-02 2.442164642947123321e-01 1.158532991032975135e+00 -4.217581461442383994e-01 2.051427452852266242e+00 8.750038513251952033e-01 1.166878262307844860e+00 9.198983816442488637e-01 1.025973584169922237e+00
1.758754655155331248e-01 5.574239634124907861e-01 1.625309182900894323e+00 -4.021684457352151520e-01 -6.257673236374702852e-02 -7.249391310209631900e-01 6.378711952506707084e-01 1.608292396764519960e+00 1.064248683936214412e+00 5.891569373622256300e-01 -1.564737376007812930e+00 6.984720326326310236e-01
-8.014400763305676856e-01 3.842541147234436183e-01 -7.008610792095555375e-01 9.656167420472588914e-01 -1.188942101604735013e+00 -8.450879337066108388e-01 8.806342525715669112e-01 4.910491807644644380e-02 7.812316513925164907e-01 -7.494577629745272085e-03 1.239317474606225877e+00 1.751356277699359865e+00
4.193349445894266336e-02 -8.384082711350615558e-01 -8.485378934872070955e-01 -5.892469351818917511e-01 9.041045801053059217e-01 -1.270318322268894295e+00 -3.323670449320056952e-01 1.210892427547580336e-01 -1.574058329436246684e+00 7.717118386082341686e-03 4.010521332548213080e-01 -7.174338869532272955e-01
-4.591075869455670672e-02 -3.348831013148655389e-01 1.145356023966265457e+00 6.643935933309169650e-01 6.322090835715489243e-01 9.377115799956063646e-02 -6.606721355642813931e-01 -1.059702333635016869e+00 2.142771831960276430e+00 -4.294437473184004594e-01 9.787139886192001148e-01 8.264468316491399014e-01
-3.278627299807617135e-01 2.411766261213584839e-01 -4.630864372845734933e-01 -1.307234284738979069e+00 1.521353901891859262e-01 -2.390214445547776401e-01 1.270087411597736526e+00 7.280220243149981840e-01 1.975402956547933075e-01 9.796314562981535135e-01 4.493040577325435048e-01 -1.286558844839503502e-01
2.684190391707442225e-01 -1.510705730155667670e+00 -1.611767638888419729e-01 -1.655194002906462458e+00 3.166424815785778835e-01 -1.326309386489505471e+00 -5.628812185962190906e-01 -2.005045906986182569e-01 -1.007495751658143091e+00 -1.839017140815183415e-01 3.023344249771998671e-01 7.353774795612518789e-01
