6.181170532029205411e-01 -1.106838501760231352e+00 3.850110130580678969e-01 -3.688234866237331544e-01 -9.339612525403245824e-01 -5.165645506090333905e-01 9.217885338078578572e-01 -3.301131911222512372e-01 5.273321529064307622e-01 -1.099624390013231645e+00 -6.150033375414690751e-01 2.197746852216846403e-01
6.573062586118539885e-01 6.675735238562071627e-01 -5.295182735722442358e-02 2.606686904380188796e-01 -3.517572546189630112e-01 8.050417576337520753e-02 2.112501870038447360e-01 -6.718702799049001140e-01 6.773359655817154934e-01 1.200111131547273308e-01 -5.551236154255433375e-01 -6.483104106831321101e-01
-8.183607800930564613e-01 7.983203196852507455e-01 1.498461321293788062e-01 -3.253614969725229233e-01 7.943406256185842063e-01 -1.672861625655389373e-01 8.543215537046114916e-01 -4.185694383874588587e-04 -7.864202190798905145e-03 4.981862861857241365e-01 3.540854626452671905e-01 4.367037844156054227e-01
-1.883758662203894874e-01 -5.296969105260373317e-02 -1.815955256419595487e-01 -6.108957764597915396e-01 -7.852856857946498570e-01 -1.349116896331030047e+00 -7.330940719787302218e-01 -7.423953768929976160e-01 -5.982597434872966025e-01 -4.824672351525801650e-01 4.107386190179201924e-01 8.438532852154194686e-01
-2.950363883243707352e-01 1.308428238109918595e+00 2.206774831058656294e-01 -1.608560223056449967e-01 8.987049443967391749e-02 8.903685330277925081e-01 -9.841801231992532151e-02 1.432343821327306310e+00 9.057592376555491098e-01 2.215946131615416370e-01 2.299765278324522322e-01 1.120803442367759084e+00
-3.802618058469735274e-02 1.572118119124837343e-01 1.953293320500736341e+00 -9.920817666158890380e-02 2.730492429129628973e-01 -2.033638344846306345e-01 9.819555057779179030e-01 1.126550815262898020e+00 -7.929247938835523590e-02 1.132341833070174830e-01 -1.411646837361297147e+00 4.239402181530109726e-01
-6.997455773943273005e-01 1.022889080698161646e+00 -2.284431552245387298e-01 1.172443730048067678e+00 -9.816249771713407568e-02 -5.864812822716863883e-01 1.234764593311547642e+00 -1.535970009153043714e-01 1.207452094570223844e+00 1.400089082943071217e-01 1.360480907029107067e+00 1.172450872264461319e+00
-1.789417109946887519e-01 8.930004631386567748e-02 -8.093411677526857195e-02 1.558944347758620952e-01 8.864189236572341812e-01 -1.003672595879653295e+00 -4.011701832212749008e-01 -2.134126563149404965e-01 -1.120628844159155868e+00 1.765483867966519960e-01 4.363066162358980038e-01 -2.980345213962153350e-01
1.202738816818027662e-01 -7.971446739442751284e-01 1.148108718496676728e+00 6.235393796958286217e-01 2.319664651078938156e-01 2.236328995617194448e-01 7.555355768973820441e-02 -1.558200698609945478e+00 1.529226737625717591e+00 -3.206966409740863999e-01 6.431483107676120303e-01 1.333748576834495325e-01
6.388135290134729916e-01 -4.284999390776839667e-01 -9.459328414748603420e-01 -1.002121793407096728e+00 5.340303059378832540e-01 7.720159574153151461e-02 8.304469565391345842e-01 -1.878143220370535188e-02 1.458625975336378666e-01 8.348671938824447913e-01 2.928321198354681965e-01 -4.131546862219277472e-01
5.987382724088408104e-01 -9.399288986996660045e-01 -3.276642219534229294e-01 -4.070944837099830238e-01 5.701583883960238408e-01 -2.760844654936525644e-01 -4.668659604087599391e-01 -3.307763398677633915e-01 -5.243412402317472187e-01 -6.654278329079854615e-01 1.813362905378958778e-01 4.449846708051364286e-01
