5.541772341897601706e-01 -1.176729152467014483e+00 3.301222621224629838e-01 -3.515443146591280543e-01 -1.021746759065690346e+00 -5.165645506090333905e-01 9.077029218001322342e-01 -3.301131911222512372e-01 5.702126420906415971e-01 -1.155886591838600319e+00 -6.415720533499863487e-01 3.821189211388955620e-01
7.210824006759128935e-01 8.022423252526158510e-01 1.127696925025512831e-01 2.606686904380188796e-01 -3.891941047789598818e-01 8.050417576337520753e-02 1.369776944482642422e-01 -6.586923674749647351e-01 7.505723272365838472e-01 8.462379529053878913e-02 -5.739547601943491006e-01 -6.576905589771010474e-01
-8.183607800930564613e-01 7.983203196852507455e-01 6.578358778215637193e-02 -2.652759666573306641e-01 7.763887425540542120e-01 -2.136228565080581787e-01 8.543215537046114916e-01 -4.185694383874588587e-04 -7.637299766824101610e-02 5.361362611863946803e-01 3.743043316637987838e-01 4.272972724725383475e-01
-1.077088330937754912e-01 -1.572441349402377564e-01 -1.848022120049045147e-01 -6.580012748190903205e-01 -7.852856857946498570e-01 -1.271598395128397563e+00 -5.724044426590297885e-01 -7.789000299115588222e-01 -5.715283555599449672e-01 -4.824672351525801650e-01 4.281118773762090379e-01 7.613767931087156438e-01
-2.950363883243707352e-01 1.429687633518738288e+00 1.295478844217309300e-01 -2.160517075175663326e-01 1.440395244960488985e-01 8.903685330277925081e-01 -9.073057191802563759e-02 1.432343821327306310e+00 9.951639481238225837e-01 2.596843314681041570e-01 1.437198360852863233e-01 1.153396161141952092e+00
-3.802618058469735274e-02 2.365075890667395764e-01 1.875028892881649867e+00 -2.794214264010677629e-03 2.526008237278491442e-01 -1.906445567345568803e-01 8.301208907335515530e-01 1.031317051525895812e+00 -7.929247938835523590e-02 6.845674793645060985e-02 -1.431179451452533780e+00 4.239402181530109726e-01
-7.685169633283006618e-01 9.505705147455978388e-01 -2.771093950535901129e-01 1.027197827254692664e+00 -1.159559001356873092e-01 -6.944066105431893066e-01 1.194197485374792755e+00 -6.200882033136806415e-02 1.015481079689055433e+00 6.402498732509703805e-02 1.382988697745613171e+00 1.264790989717476943e+00
-9.304534112936488355e-02 1.805261354698062815e-01 -1.596827289781147241e-01 7.468296294706401606e-02 9.180727859951800518e-01 -9.653924456324198822e-01 -4.011701832212749008e-01 -1.584581056430032775e-01 -1.119486468255892264e+00 1.971864284767924358e-01 3.818016317079112598e-01 -2.980345213962153350e-01
2.065367893288863055e-01 -7.929046046187014918e-01 1.220676004886604327e+00 7.011055733401297951e-01 3.222623235179705725e-01 2.236328995617194448e-01 1.959703239837352062e-01 -1.484776885624356391e+00 1.665341611293611246e+00 -3.206966409740863999e-01 6.810363566327838347e-01 4.401171829935630192e-02
6.247444250163279866e-01 -5.267750585369004312e-01 -7.957837223767231238e-01 -9.831750397599636759e-01 5.347493409541572706e-01 7.720159574153151461e-02 8.975615325819850110e-01 1.613936225673470379e-02 9.478961718692130445e-02 7.486745901012671345e-01 3.730379326107690074e-01 -3.569238615927657898e-01
6.460404720267125533e-01 -8.823998043034394501e-01 -3.276642219534229294e-01 -4.699385306682978825e-01 5.011840976119050772e-01 -2.760844654936525644e-01 -4.668659604087599391e-01 -3.307763398677633915e-01 -5.557773138549054748e-01 -7.112764167744093369e-01 1.800054228345713547e-01 4.449846708051364286e-01
