5.579736019502176125e-01 -1.106838501760231352e+00 3.850110130580678969e-01 -3.515443146591280543e-01 -9.339612525403245824e-01 -5.165645506090333905e-01 9.217885338078578572e-01 -3.301131911222512372e-01 5.273321529064307622e-01 -1.102172317988357131e+00 -7.808162923937886912e-01 3.071416633917413153e-01
6.573062586118539885e-01 6.539946602154107502e-01 -5.295182735722442358e-02 2.606686904380188796e-01 -3.645058573563894622e-01 8.050417576337520753e-02 2.112501870038447360e-01 -6.586923674749647351e-01 6.773359655817154934e-01 1.200111131547273308e-01 -5.551236154255433375e-01 -6.483104106831321101e-01
-8.514111012608895912e-01 7.983203196852507455e-01 1.761734662950822372e-01 -3.206215744171060367e-01 8.123014952254498100e-01 -2.654366202130558627e-01 8.543215537046114916e-01 -7.876029404833970182e-02 -1.108795432585984314e-01 4.981862861857241365e-01 3.540854626452671905e-01 4.367037844156054227e-01
-4.363283475637926706e-02 -7.032665303808591228e-02 -2.740631336407881591e-01 -6.250554376430506043e-01 -7.852856857946498570e-01 -1.271598395128397563e+00 -7.330940719787302218e-01 -7.423953768929976160e-01 -6.938782439259685297e-01 -5.043457334683246751e-01 4.107386190179201924e-01 8.438532852154194686e-01
-3.701821586866579361e-01 1.308428238109918595e+00 1.458181101565115267e-01 -2.296185085515472513e-01 1.061712736690107323e-01 8.903685330277925081e-01 -3.315959130092592522e-02 1.378857584007319836e+00 9.057592376555491098e-01 2.215946131615416370e-01 1.456929873864664104e-01 1.020915365126446206e+00
-3.802618058469735274e-02 2.365075890667395764e-01 1.863548437538184777e+00 -9.920817666158890380e-02 2.730492429129628973e-01 -2.033638344846306345e-01 8.883405487291676783e-01 1.126550815262898020e+00 -7.929247938835523590e-02 -1.689045715797254932e-03 -1.411292230007824555e+00 4.239402181530109726e-01
-6.997455773943273005e-01 1.023228050639196640e+00 -2.284431552245387298e-01 1.172443730048067678e+00 -9.816249771713407568e-02 -7.666429921852755403e-01 1.234764593311547642e+00 -1.573189360693396099e-01 1.114134881389979626e+00 1.873701215069551729e-01 1.360480907029107067e+00 1.172450872264461319e+00
-1.482025328561560606e-01 8.930004631386567748e-02 -1.228323854934792736e-01 7.757645199260965185e-02 8.545552069115113225e-01 -9.653924456324198822e-01 -4.011701832212749008e-01 -1.584581056430032775e-01 -1.075772498823658996e+00 1.765483867966519960e-01 4.363066162358980038e-01 -2.980345213962153350e-01
2.162702161262251010e-01 -7.971446739442751284e-01 1.199745002071224365e+00 6.174813074189487994e-01 2.963718234993316658e-01 2.236328995617194448e-01 1.918987932668272389e-01 -1.484776885624356391e+00 1.508221263313820337e+00 -3.474433405213021575e-01 7.086440341807944687e-01 4.401171829935630192e-02
5.908504541064183435e-01 -4.284999390776839667e-01 -9.459328414748603420e-01 -9.831750397599636759e-01 5.822571740914892491e-01 6.874935077624204360e-02 8.304469565391345842e-01 -1.878143220370535188e-02 1.458625975336378666e-01 8.348671938824447913e-01 2.928321198354681965e-01 -4.131546862219277472e-01
6.798200816676596148e-01 -9.399288986996660045e-01 -3.276642219534229294e-01 -4.557623275165058607e-01 5.701583883960238408e-01 -2.760844654936525644e-01 -4.668659604087599391e-01 -3.307763398677633915e-01 -5.243412402317472187e-01 -7.508003699944206799e-01 1.813362905378958778e-01 4.449846708051364286e-01
