3.711520808337214761e-01 -9.861311328706128254e-01 7.580860980266044269e-01 -9.317646510697569218e-02 -7.914481698387080266e-01 -3.958229762272749142e-01 7.515295799376106034e-01 -2.100351514366866068e-01 5.612732276050143021e-01 -7.163936346552575163e-01 -8.692009079311103781e-01 3.691879896305486630e-01
5.948274806374447277e-01 4.704902941856697884e-01 2.804804807892190555e-01 3.167158101687220229e-01 -3.648577741576569111e-01 -6.437511027603479152e-02 2.746446908730590386e-01 -7.684375253667318217e-01 7.378387984435377245e-01 1.547116861389708498e-01 -5.813579404103061954e-01 -5.162348735810138312e-01
-6.723255838517456784e-01 7.338314986479720359e-01 1.040812480164904075e-01 -2.418172048957617504e-01 9.109595451277604505e-01 -3.846759729000587824e-01 9.576600907069708901e-01 1.924395344619025255e-02 -3.538399753298567263e-01 4.469946213152536374e-01 3.039219489487815506e-01 3.418628939835142710e-01
-6.530213920314394127e-02 -4.687039463652768051e-02 -3.052964031856574834e-01 -5.495195505296325278e-01 -6.070763220738637500e-01 -1.346649863189246066e+00 -7.363373857181123583e-01 -7.754480469931853692e-01 -5.502357675496606371e-01 -5.910982154026632740e-01 5.458663795962758192e-01 1.013693266101950208e+00
-1.099193613991973351e-01 1.440858746524354750e+00 3.137560743276479602e-01 -1.761335932097349843e-01 1.490995777869928707e-02 1.137175866217187359e+00 -7.839359312143320824e-02 1.383439600940253422e+00 9.118367871065264918e-01 1.431634142331366932e-01 -3.217469349174348348e-02 1.247698797840734342e+00
-1.942469257525156201e-03 6.341933179744589921e-01 1.906742072916295827e+00 1.106527391722401943e-02 4.030576560460993885e-02 -9.991950705424496038e-02 9.587673596313056601e-01 9.636953638190861593e-01 -2.406414486406928677e-01 3.384971167514197465e-01 -1.433792944783044865e+00 3.370684347669000713e-01
-5.226093755251294271e-01 7.443919472528771619e-01 -2.858464052746996220e-01 1.102851304798920795e+00 -1.482759917291845142e-01 -7.821848538614892821e-01 1.240042128695100665e+00 -3.112587652089254808e-01 9.563168496742089353e-01 3.740555579372558115e-01 1.242310686395438735e+00 1.362959678474215286e+00
-2.192737373996555550e-01 -5.087856508779112219e-02 4.099149005372444698e-02 7.777429812067296333e-02 1.010351934499080118e+00 -7.787769505182943197e-01 -3.693668477225715008e-01 -1.584581056430032775e-01 -8.868334853694533892e-01 1.348243646113463368e-01 4.744546011630313975e-01 -2.377923275962692540e-01
9.255191770581971955e-02 -9.389879300252640393e-01 1.308805604171587866e+00 6.094444752839234258e-01 2.891371833386418566e-01 5.775785037770032604e-01 -3.312308156481341692e-03 -1.506193475851224095e+00 1.598589249180567329e+00 -3.852872542248585996e-01 6.805375443435903726e-01 1.190340828568038078e-01
6.773392301140570559e-01 -1.069394377607272989e-01 -6.216060577886934890e-01 -9.483895436501780241e-01 6.721876223476604961e-01 1.819060524863756745e-01 6.743614153717628623e-01 3.352444793147809632e-01 2.175873757779351048e-01 6.145972602203061408e-01 3.484393871119430552e-01 -2.783681927523694588e-01
7.810471942465063711e-01 -9.442595645405664762e-01 -3.434569062341885637e-01 -4.367515651675530353e-01 4.413834343510552038e-01 -1.819624324101579704e-01 -4.433657780844304508e-01 -3.020720972838903950e-01 -3.817377800728534720e-01 -5.572409402295886993e-01 3.386702736232791167e-01 3.556917619277378817e-01
