2.612016185423443049e-01 -1.169157437695229618e+00 6.920877639518050461e-01 -6.189050311847409391e-01 -9.834242227686298410e-01 -1.286919274326450702e-01 1.159636740150623346e+00 -1.834234705902222096e-01 5.199966475260550114e-01 -8.073274347938437234e-01 -5.476417722475765970e-01 6.548357798767233673e-01
6.141096096251346115e-01 5.282889507508575777e-01 3.359436522285456084e-01 2.987279049405683895e-01 -2.554463501747867848e-01 -4.814535001310579765e-01 3.403934517298998208e-02 -6.978858959624112401e-01 9.334513831940772777e-01 -5.158287333955373366e-02 -6.073101774246724913e-03 -1.107010053071565275e-01
-2.230244775844333893e-01 9.456179592183493465e-01 8.514005440416123893e-02 -7.225505303027971449e-01 6.992174895464223772e-01 -2.748198300893716639e-01 5.601805915553000892e-01 3.649329096293471575e-02 -4.332299177050627503e-01 7.261092029489635280e-01 2.386060739609926484e-01 4.811899504550419815e-01
-4.818142522159576391e-01 -2.127180178377456599e-02 -7.329871522875235357e-01 -1.954525726180052214e-01 -5.693554374892738634e-01 -5.218311394756028898e-01 -9.346217394596119110e-01 -4.391291541878328819e-01 -9.311940884816117814e-01 -1.321660789673885505e-02 3.444698373460594598e-01 1.007971965270542114e+00
-3.584068200631029821e-01 1.153654432164638699e+00 -2.205112122920462048e-01 -6.864709875453984811e-01 -5.803698479985799352e-01 9.456076636491502763e-01 6.369106451483154407e-02 1.270250707888580743e+00 9.365898293792382923e-01 1.844995575144906808e-01 4.074965310686476938e-01 1.302214188410722340e+00
7.288533164687136523e-01 4.266571746504019824e-01 1.610059548813207453e+00 -3.446453104608550033e-01 3.155044740042756146e-01 -2.459516865148133613e-01 1.160649415900971482e+00 6.379795374349707116e-01 3.707020194111312894e-02 -2.169450609358535703e-02 -9.388650867311311154e-01 3.025599165616734698e-01
-7.475202309662039024e-01 1.071595533191070926e+00 -3.058643998171627770e-02 1.437115926706336477e+00 1.118994955802430774e-01 -1.115679456016390958e+00 8.548902034154453045e-01 -1.551732408200980073e-01 5.453987295523765599e-01 -1.910834612285836620e-01 1.053653016910752971e+00 9.809994097932672741e-01
1.217945123397271012e-01 2.581108309076349805e-01 3.932809281632060339e-01 5.467317856883654459e-01 5.898900646044373808e-01 -1.183955848633066132e+00 -2.060465976249828135e-01 -3.748299967475713368e-01 -1.193295224921708586e+00 -1.446370985326597136e-01 4.647947397948244963e-01 -4.337514935151542961e-01
1.980753770329104213e-01 -5.203127527032308519e-01 1.185110120975764847e+00 9.283607851153598267e-02 5.790309597559588628e-01 4.006632373772445188e-01 4.479584154306191501e-01 -7.752396692246509291e-01 1.172562219545472351e+00 -1.582383551800723154e-01 6.886552172742063105e-01 -4.335116030836069223e-01
6.016942820997770447e-01 -4.456386603351057962e-01 -8.886475751929644451e-01 -1.398778325798545330e+00 6.073167917036432772e-01 -1.116646868131040832e-01 1.025654800776053310e+00 1.310091148903441416e-01 2.415960302167768359e-01 3.129493014136147666e-01 4.070567978762810180e-01 4.653430401600251454e-01
6.841112203720058904e-01 -8.622245093233245061e-01 -3.512971184942561553e-01 -4.612464506521937180e-01 5.624742940591433982e-01 -1.671537944509164098e-01 -3.638861370799421069e-01 -5.404123065399520920e-01 -4.613749691344386505e-01 -6.929225087954731244e-01 4.318666133546226193e-01 7.428369985544244214e-01
