1.294203361668601615e-01 -1.169157437695229618e+00 6.151784637239777753e-01 -5.229836648305435931e-01 -1.158783476675432800e+00 -3.507693054386699649e-01 1.282260529257666093e+00 -2.346233962608489654e-01 5.498991451449546375e-01 -8.241938971646551870e-01 -5.261371542854424987e-01 7.777591507306101937e-01
4.909798815566536190e-01 5.948827418033523218e-01 1.787758685753876864e-01 1.774263376493981914e-01 -2.200735665176186684e-01 -5.098212323510399324e-01 -3.854015555732775988e-02 -5.884640969084655726e-01 1.095874011114467805e+00 5.365575730232059748e-02 -2.583255984152414697e-02 -4.217944155845499976e-01
-3.133610131533756116e-01 8.346196038377020621e-01 1.894901633041896905e-02 -7.516407037999816021e-01 6.527805042875236552e-01 -2.085301509215180538e-01 5.764809657599441195e-01 9.885807023436279928e-02 -4.037739491647371337e-01 7.279883056481520898e-01 3.084782565431687384e-02 4.045341306991420138e-01
-2.376354159461184223e-01 -1.367730110892301232e-01 -6.418986173221844505e-01 -5.325812503239231166e-01 -3.431488533437777044e-01 -5.621443079488035455e-01 -9.104945588843630366e-01 -5.828432034319066535e-01 -9.567572893436631087e-01 5.171581610941909657e-02 3.947424484347925033e-01 1.022618704434218317e+00
-1.972529036545665748e-01 1.293675471997212556e+00 -1.693581884242528757e-02 -5.165972386065427191e-01 -3.346609527542353524e-01 8.646435416403572827e-01 2.298042584016478096e-01 9.717988409675083483e-01 1.106233349149270628e+00 7.173818733573514295e-02 4.859309744739899739e-01 1.062547623785958795e+00
5.397602142813948678e-01 3.806699533286408421e-01 1.652118043762586419e+00 -2.410785813721075255e-01 1.885522298276607056e-01 -3.352782048807312343e-02 1.010167316512921021e+00 5.935897760674578860e-01 1.233148518940248850e-01 -9.067776536128877019e-02 -9.794376924829584219e-01 3.060558002626099783e-01
-6.467635860454752361e-01 1.071948045407896455e+00 9.466717079704686788e-03 1.383039795924813520e+00 2.452522422202450258e-01 -1.177766162307312126e+00 9.817960018603489880e-01 -3.439002887705420175e-01 5.712533056275356236e-01 -2.379087966824394162e-01 1.176275925424491220e+00 9.622184682966998803e-01
9.199886340109915406e-02 3.961673613021646778e-01 2.626192528464316722e-01 4.184349877799216633e-01 5.760635560346201167e-01 -1.249559793757789805e+00 -2.749590829139064718e-01 -2.888562397452974495e-01 -1.177496082063742344e+00 4.247225619434365218e-02 7.541067018790706955e-01 -4.151036212174211704e-01
1.339336518821466343e-02 -5.613567489875943561e-01 1.324407323559217975e+00 -3.032884856674349441e-02 6.304593604666880458e-01 3.874869281619119366e-01 3.196387237701834860e-01 -9.093464256922676459e-01 1.251841400191048281e+00 -2.804390003114932972e-02 7.296638756806669290e-01 -2.339598436146431704e-01
6.315629122963650754e-01 -5.223656086871334425e-01 -9.860334394818178749e-01 -1.382309354909696308e+00 4.846270918207418732e-01 1.201620990655204169e-01 1.003458386575270644e+00 1.621262870345654694e-01 4.375281483711940811e-01 3.129493014136147666e-01 5.546969737943312495e-01 5.663865115034323328e-01
7.954351283408872542e-01 -8.068447735893795603e-01 -4.012934408741732906e-01 -6.211987759476819138e-01 6.576406028181991381e-01 -2.005997304084156663e-01 -3.542218543008380238e-01 -5.905642329143112601e-01 -3.687385336634616539e-01 -7.163686170153812371e-01 2.325072114553196345e-01 6.841881092561725719e-01
