3.712796661938627674e-01 -1.169157437695229618e+00 7.369044434590306114e-01 -5.067895423088650819e-01 -9.000466797926255369e-01 -1.286919274326450702e-01 1.090348199485018377e+00 -1.739932469514454128e-01 4.967831193192102646e-01 -8.893274750378332705e-01 -5.316851945210095964e-01 6.548357798767233673e-01
6.141096096251346115e-01 3.943053810759328814e-01 4.043633829730305940e-01 2.987279049405683895e-01 -1.819776353871855323e-01 -3.411530005757398287e-01 6.442677305124240583e-02 -6.733593353533425807e-01 9.334513831940772777e-01 5.423906914865278539e-02 -1.102399032701461834e-01 -1.976823277262333978e-01
-2.568969859607040940e-01 9.005049910490210419e-01 7.575499207703624560e-02 -7.225505303027971449e-01 6.946779819141667422e-01 -2.902999817244609204e-01 5.601805915553000892e-01 3.649329096293471575e-02 -4.672979210195544186e-01 6.040991513681597258e-01 1.593590308468312289e-01 4.209152503499459241e-01
-4.818142522159576391e-01 -5.523053201795828648e-02 -5.503411375255925497e-01 -1.996822960012506476e-01 -5.216483668349256586e-01 -6.196522580418303283e-01 -9.721032520628312135e-01 -3.415086331245252849e-01 -9.504272984712359706e-01 -9.941981259013599193e-02 4.381141642148771997e-01 9.935098794275074585e-01
-3.424495972073818839e-01 1.102777477720612520e+00 -1.351947013920175300e-01 -6.955157197866109753e-01 -4.586698614366136462e-01 7.518047905176538093e-01 6.369106451483154407e-02 1.347687560796325235e+00 9.918240941862379589e-01 1.253033621108179396e-01 3.208237039407189628e-01 1.209071203636607583e+00
7.235379588509864845e-01 3.631552024771852460e-01 1.610059548813207453e+00 -3.446453104608550033e-01 4.546023502595744059e-01 -1.483240077321311967e-01 9.945245477117246047e-01 6.379795374349707116e-01 7.626646576206963513e-02 1.813680371989961904e-02 -8.525638666616356387e-01 3.025599165616734698e-01
-7.475202309662039024e-01 9.866870184267004795e-01 1.870353468838084621e-04 1.395973466256634099e+00 2.400941863686263389e-01 -1.061182814027916255e+00 7.929028488603564462e-01 -3.616708081903925731e-02 6.127334850689802881e-01 -2.481578870122692071e-01 9.994068436254821552e-01 9.045886647132659331e-01
-5.161348859408727840e-02 2.775254310294591464e-01 3.734612597896718733e-01 5.467317856883654459e-01 6.491359360152829661e-01 -1.209229004925803874e+00 -2.366176939261799839e-01 -4.392467756237706800e-01 -1.193295224921708586e+00 -1.446370985326597136e-01 5.448372097520975954e-01 -5.242296988621142351e-01
-7.478900650015908591e-02 -5.784569637209915349e-01 1.359953689289868928e+00 4.547776877181734095e-02 5.790309597559588628e-01 2.189381091244930189e-01 4.479584154306191501e-01 -7.752396692246509291e-01 1.246551679514531719e+00 -8.345617236843363984e-02 5.968976797302972814e-01 -4.126272206100309314e-01
5.463337918728244924e-01 -4.456386603351057962e-01 -9.066859047809334715e-01 -1.398778325798545330e+00 5.852527627101445917e-01 -2.614301839954166068e-02 1.023576484029593114e+00 1.621262870345654694e-01 2.415960302167768359e-01 3.129493014136147666e-01 4.070567978762810180e-01 4.299535056445080161e-01
8.255762210805941415e-01 -9.369153113030714852e-01 -4.005903942615179902e-01 -3.899362504451645561e-01 6.750589273993391481e-01 -1.622075573436508600e-01 -3.473047668018417466e-01 -6.964925018601472173e-01 -4.613749691344386505e-01 -6.929225087954731244e-01 4.318666133546226193e-01 7.676780349536306280e-01
