2.612016185423443049e-01 -1.169157437695229618e+00 7.398605590241028596e-01 -5.642219471213575366e-01 -9.958930092950655233e-01 -1.286919274326450702e-01 1.090348199485018377e+00 -1.739932469514454128e-01 5.199966475260550114e-01 -8.893274750378332705e-01 -4.720717923627678614e-01 6.548357798767233673e-01
5.983216736102826561e-01 4.709860165895467521e-01 3.447306281949636397e-01 2.987279049405683895e-01 -2.941399650835967439e-01 -5.070930157791416759e-01 1.049244656400679654e-01 -6.733593353533425807e-01 9.334513831940772777e-01 -1.150443040400497136e-01 4.243250347108473014e-02 -1.607348104512640874e-01
-2.230244775844333893e-01 9.267703699857924304e-01 8.514005440416123893e-02 -7.225505303027971449e-01 6.946779819141667422e-01 -2.176900252974018624e-01 5.601805915553000892e-01 -3.228424264881375738e-02 -4.332299177050627503e-01 7.238908781841701945e-01 2.675795170202352469e-01 5.087293970877394544e-01
-4.632440813904007415e-01 -1.301408608714178100e-02 -7.011570985591302207e-01 -1.323139684364343927e-01 -5.693554374892738634e-01 -5.218311394756028898e-01 -9.346217394596119110e-01 -4.391291541878328819e-01 -9.761675630556322369e-01 1.286983344135124718e-01 4.381141642148771997e-01 1.007971965270542114e+00
-3.424495972073818839e-01 1.153654432164638699e+00 -1.351947013920175300e-01 -6.274855159096338619e-01 -5.803698479985799352e-01 9.456076636491502763e-01 6.369106451483154407e-02 1.323895458802714975e+00 8.599271859489191483e-01 -6.941086771504742514e-02 4.113840133495941243e-01 1.243205052256843413e+00
7.288533164687136523e-01 4.266571746504019824e-01 1.610059548813207453e+00 -4.387826980556172596e-01 2.873448179300358007e-01 -2.459516865148133613e-01 1.142730438494551137e+00 6.379795374349707116e-01 3.707020194111312894e-02 1.369090894841983042e-02 -9.388650867311311154e-01 2.952468384736565699e-01
-7.475202309662039024e-01 9.774454341176896932e-01 -3.058643998171627770e-02 1.430497657075076923e+00 1.203340686111140367e-01 -1.010349782522054873e+00 8.621909287246267706e-01 -1.551732408200980073e-01 6.381508448637894793e-01 -2.687052252090420534e-01 1.053653016910752971e+00 9.809994097932672741e-01
3.333892819364832338e-02 2.581108309076349805e-01 3.932809281632060339e-01 5.467317856883654459e-01 6.585586561196732358e-01 -1.183955848633066132e+00 -2.616096310902479849e-01 -3.643910222607196214e-01 -1.193295224921708586e+00 -1.153160812786192535e-01 5.274941957854377694e-01 -4.337514935151542961e-01
7.545372086359303232e-02 -5.203127527032308519e-01 1.230527648458190848e+00 6.954551351510357415e-02 6.727533597123207532e-01 4.006632373772445188e-01 5.385211790980845015e-01 -7.752396692246509291e-01 1.172562219545472351e+00 -1.582383551800723154e-01 5.741766790795895803e-01 -3.666215013439224069e-01
5.874923160579949011e-01 -4.456386603351057962e-01 -8.886475751929644451e-01 -1.409846841558871855e+00 5.852527627101445917e-01 -8.752619773556258309e-02 1.086076874034087592e+00 1.310091148903441416e-01 2.415960302167768359e-01 3.129493014136147666e-01 5.329890423348194739e-01 4.653430401600251454e-01
6.841112203720058904e-01 -7.795606521627369556e-01 -3.512971184942561553e-01 -4.612464506521937180e-01 5.559929131592225016e-01 -1.671537944509164098e-01 -3.638861370799421069e-01 -4.628674980593009414e-01 -4.241343943170211572e-01 -6.929225087954731244e-01 4.318666133546226193e-01 7.428369985544244214e-01
