3.712796661938627674e-01 -1.169157437695229618e+00 6.683008347627248380e-01 -5.787337039509155012e-01 -9.958930092950655233e-01 -1.286919274326450702e-01 1.090348199485018377e+00 -1.739932469514454128e-01 5.382820366049175798e-01 -8.893274750378332705e-01 -5.316851945210095964e-01 6.548357798767233673e-01
6.356339200781775389e-01 3.104436358361261084e-01 4.043633829730305940e-01 2.987279049405683895e-01 -2.554463501747867848e-01 -5.044667385766379297e-01 5.696812721963462334e-02 -6.733593353533425807e-01 9.334513831940772777e-01 5.423906914865278539e-02 -1.102399032701461834e-01 -1.976823277262333978e-01
-2.689056165684698407e-01 9.005049910490210419e-01 7.575499207703624560e-02 -7.225505303027971449e-01 6.946779819141667422e-01 -3.154051367719528098e-01 5.496482188641047539e-01 3.649329096293471575e-02 -4.153304072245834200e-01 7.967012425460715530e-01 1.593590308468312289e-01 3.825300892705506550e-01
-4.818142522159576391e-01 -5.523053201795828648e-02 -5.503411375255925497e-01 -3.978181773232636331e-01 -5.216483668349256586e-01 -6.196522580418303283e-01 -9.721032520628312135e-01 -3.930734812762614050e-01 -9.626419687309075712e-01 -9.941981259013599193e-02 4.381141642148771997e-01 9.619475565565587249e-01
-3.424495972073818839e-01 1.102777477720612520e+00 -1.999399640671474521e-01 -6.955157197866109753e-01 -4.991375699129744214e-01 8.495208386906568654e-01 6.369106451483154407e-02 1.422836279390280234e+00 9.918240941862379589e-01 3.208451021900182026e-02 3.052263187831198432e-01 1.109296790236238506e+00
6.712337039765293722e-01 2.144424105180037787e-01 1.570199693217916970e+00 -4.334890448673981433e-01 3.799339719122324377e-01 -1.483240077321311967e-01 1.013790808568111990e+00 5.555705502929795259e-01 1.702969721560801952e-01 1.813680371989961904e-02 -8.919585416304102177e-01 3.025599165616734698e-01
-7.475202309662039024e-01 9.866870184267004795e-01 8.482809657511639068e-02 1.395973466256634099e+00 1.583333725808706294e-01 -1.097169003656350394e+00 8.548902034154453045e-01 -5.448209204659937299e-03 7.586644458153339876e-01 -2.481578870122692071e-01 9.994068436254821552e-01 9.591370767093189142e-01
-1.845204358263315136e-02 2.775254310294591464e-01 3.734612597896718733e-01 5.467317856883654459e-01 6.491359360152829661e-01 -1.257523517130389790e+00 -2.749590829139064718e-01 -4.392467756237706800e-01 -1.193295224921708586e+00 -1.446370985326597136e-01 5.499318187908343036e-01 -5.242296988621142351e-01
-2.913199107399083720e-02 -5.579793261667274074e-01 1.299432183980770539e+00 4.547776877181734095e-02 6.535386422093693026e-01 2.189381091244930189e-01 4.479584154306191501e-01 -7.752396692246509291e-01 1.246551679514531719e+00 -8.345617236843363984e-02 5.968976797302972814e-01 -2.917047156912366823e-01
5.463337918728244924e-01 -3.527564169527698801e-01 -9.066859047809334715e-01 -1.398778325798545330e+00 5.852527627101445917e-01 -2.614301839954166068e-02 1.074151791289716051e+00 1.621262870345654694e-01 3.135779092765702547e-01 2.543647137564934990e-01 4.070567978762810180e-01 5.432938991780983384e-01
7.708464149792448872e-01 -9.369153113030714852e-01 -3.591566746208259553e-01 -3.899362504451645561e-01 5.768736155938477550e-01 -6.888278380094536857e-02 -3.473047668018417466e-01 -6.646549023784922294e-01 -4.784395519746693637e-01 -6.006739992675923512e-01 4.318666133546226193e-01 8.219627010061776318e-01
